update: rmsprop
epochs: 25
regularize: 2.0
momentum: 0.99
learning_rate: 1e-05
learning_rate_decay: 0.95
[0.084, 0.231, 0.288, 0.315, 0.329, 0.343, 0.349, 0.354, 0.353, 0.357, 0.369, 0.369, 0.374, 0.379, 0.385, 0.382, 0.386, 0.391, 0.387, 0.387, 0.389, 0.39, 0.396, 0.395, 0.394, 0.388]

update: rmsprop
epochs: 25
regularize: 2.0
momentum: 0.99
learning_rate: 1e-10
learning_rate_decay: 0.95
[0.388, 0.388, 0.388, 0.388, 0.388, 0.388, 0.388, 0.388, 0.388, 0.388, 0.388, 0.388, 0.388, 0.388, 0.388, 0.388, 0.388, 0.388, 0.388, 0.388, 0.388, 0.388, 0.388, 0.388, 0.388, 0.388]

update: rmsprop
epochs: 25
regularize: 2.0
momentum: 0.99
learning_rate: 1e-20
learning_rate_decay: 0.95
[0.388, 0.388, 0.388, 0.388, 0.388, 0.388, 0.388, 0.388, 0.388, 0.388, 0.388, 0.388, 0.388, 0.388, 0.388, 0.388, 0.388, 0.388, 0.388, 0.388, 0.388, 0.388, 0.388, 0.388, 0.388, 0.388]

update: momentum
epochs: 25
regularize: 2.0
momentum: 0.99
learning_rate: 1e-05
learning_rate_decay: 0.95
[0.085, 0.276, 0.391, 0.401, 0.407, 0.41, 0.405, 0.412, 0.395, 0.41, 0.422, 0.41, 0.418, 0.41, 0.419, 0.431, 0.419, 0.425, 0.412, 0.417, 0.415, 0.423, 0.422, 0.421, 0.418, 0.419]

update: momentum
epochs: 25
regularize: 2.0
momentum: 0.99
learning_rate: 1e-10
learning_rate_decay: 0.95
[0.42, 0.399, 0.4, 0.4, 0.4, 0.398, 0.398, 0.398, 0.4, 0.401, 0.402, 0.402, 0.402, 0.402, 0.402, 0.401, 0.401, 0.401, 0.401, 0.401, 0.401, 0.401, 0.401, 0.401, 0.401, 0.401]

update: momentum
epochs: 25
regularize: 2.0
momentum: 0.99
learning_rate: 1e-20
learning_rate_decay: 0.95
[0.401, 0.401, 0.401, 0.401, 0.401, 0.401, 0.401, 0.401, 0.401, 0.401, 0.401, 0.401, 0.401, 0.401, 0.401, 0.401, 0.401, 0.401, 0.401, 0.401, 0.401, 0.401, 0.401, 0.401, 0.401, 0.401]






momentum: 0.9
learning_rate: 1e-05
[0.102, 0.178, 0.235, 0.279, 0.333, 0.353]

momentum: 0.9
learning_rate: 1e-10
[0.354, 0.358, 0.358, 0.358, 0.358, 0.358]

momentum: 0.99
learning_rate: 1e-05
[0.357, 0.375, 0.404, 0.423, 0.407, 0.401]

momentum: 0.99
learning_rate: 1e-10
[0.401, 0.28, 0.281, 0.281, 0.281, 0.281]
