update: rmsprop
epochs: 50
regularize: 2.5
momentum: 0.99
learning_rate: 1e-10
learning_rate_decay: 0.9
[0.149, 0.151, 0.15, 0.152, 0.148, 0.152, 0.154, 0.154, 0.155, 0.154, 0.155, 0.154, 0.154, 0.153, 0.152, 0.155, 0.155, 0.155, 0.156, 0.156, 0.156, 0.155, 0.155, 0.155, 0.156, 0.156, 0.156, 0.156, 0.156, 0.155, 0.155, 0.155, 0.155, 0.155, 0.155, 0.155, 0.155, 0.155, 0.155, 0.155, 0.154, 0.154, 0.154, 0.154, 0.154, 0.153, 0.153, 0.153, 0.153, 0.153, 0.153]

update: momentum
epochs: 50
regularize: 2.5
momentum: 0.99
learning_rate: 1e-10
learning_rate_decay: 0.9
[0.099, 0.101, 0.101, 0.104, 0.104, 0.104, 0.104, 0.103, 0.103, 0.103, 0.102, 0.101, 0.102, 0.101, 0.101, 0.101, 0.101, 0.102, 0.102, 0.102, 0.102, 0.102, 0.102, 0.102, 0.102, 0.102, 0.102, 0.102, 0.102, 0.102, 0.102, 0.102, 0.102, 0.102, 0.102, 0.102, 0.102, 0.102, 0.102, 0.102, 0.102, 0.102, 0.102, 0.102, 0.102, 0.102, 0.102, 0.102, 0.102, 0.102, 0.102]
