update: rmsprop
epochs: 50
regularize: 3.0
momentum: 0.99
learning_rate: 1e-05
learning_rate_decay: 0.85
[0.066, 0.255, 0.28, 0.294, 0.302, 0.303, 0.311, 0.323, 0.33, 0.332, 0.334, 0.331, 0.335, 0.346, 0.347, 0.352, 0.353, 0.349, 0.35, 0.349, 0.349, 0.351, 0.35, 0.35, 0.35, 0.351, 0.354, 0.358, 0.356, 0.355, 0.355, 0.355, 0.357, 0.356, 0.355, 0.355, 0.356, 0.356, 0.357, 0.357, 0.357, 0.357, 0.357, 0.357, 0.357, 0.357, 0.357, 0.357, 0.357, 0.357, 0.357]

update: rmsprop
epochs: 50
regularize: 3.0
momentum: 0.99
learning_rate: 1e-10
learning_rate_decay: 0.85
[0.357, 0.357, 0.357, 0.357, 0.357, 0.357, 0.357, 0.357, 0.357, 0.357, 0.357, 0.357, 0.357, 0.357, 0.357, 0.357, 0.357, 0.357, 0.357, 0.357, 0.357, 0.357, 0.357, 0.357, 0.357, 0.357, 0.357, 0.357, 0.357, 0.357, 0.357, 0.357, 0.357, 0.357, 0.357, 0.357, 0.357, 0.357, 0.357, 0.357, 0.357, 0.357, 0.357, 0.357, 0.357, 0.357, 0.357, 0.357, 0.357, 0.357, 0.357]

update: rmsprop
epochs: 50
regularize: 3.0
momentum: 0.99
learning_rate: 1e-20
learning_rate_decay: 0.85
[0.357, 0.357, 0.357, 0.357, 0.357, 0.357, 0.357, 0.357, 0.357, 0.357, 0.357, 0.357, 0.357, 0.357, 0.357, 0.357, 0.357, 0.357, 0.357, 0.357, 0.357, 0.357, 0.357, 0.357, 0.357, 0.357, 0.357, 0.357, 0.357, 0.357, 0.357, 0.357, 0.357, 0.357, 0.357, 0.357, 0.357, 0.357, 0.357, 0.357, 0.357, 0.357, 0.357, 0.357, 0.357, 0.357, 0.357, 0.357, 0.357, 0.357, 0.357]

update: momentum
epochs: 50
regularize: 3.0
momentum: 0.99
learning_rate: 1e-05
learning_rate_decay: 0.85
[0.101, 0.283, 0.374, 0.384, 0.404, 0.393, 0.402, 0.398, 0.391, 0.397, 0.406, 0.407, 0.399, 0.401, 0.4, 0.408, 0.418, 0.409, 0.407, 0.403, 0.401, 0.409, 0.41, 0.415, 0.411, 0.406, 0.407, 0.408, 0.411, 0.41, 0.406, 0.406, 0.404, 0.406, 0.406, 0.404, 0.407, 0.405, 0.405, 0.406, 0.407, 0.407, 0.407, 0.407, 0.406, 0.405, 0.408, 0.407, 0.408, 0.407, 0.407]

update: momentum
epochs: 50
regularize: 3.0
momentum: 0.99
learning_rate: 1e-10
learning_rate_decay: 0.85
[0.407, 0.407, 0.407, 0.407, 0.407, 0.407, 0.407, 0.407, 0.407, 0.407, 0.407, 0.407, 0.407, 0.407, 0.407, 0.407, 0.407, 0.407, 0.407, 0.407, 0.407, 0.407, 0.407, 0.407, 0.407, 0.407, 0.407, 0.407, 0.407, 0.407, 0.407, 0.407, 0.407, 0.407, 0.407, 0.407, 0.407, 0.407, 0.407, 0.407, 0.407, 0.407, 0.407, 0.407, 0.407, 0.407, 0.407, 0.407, 0.407, 0.407, 0.407]

update: momentum
epochs: 50
regularize: 3.0
momentum: 0.99
learning_rate: 1e-20
learning_rate_decay: 0.85
[0.407, 0.407, 0.407, 0.407, 0.407, 0.407, 0.407, 0.407, 0.407, 0.407, 0.407, 0.407, 0.407, 0.407, 0.407, 0.407, 0.407, 0.407, 0.407, 0.407, 0.407, 0.407, 0.407, 0.407, 0.407, 0.407, 0.407, 0.407, 0.407, 0.407, 0.407, 0.407, 0.407, 0.407, 0.407, 0.407, 0.407, 0.407, 0.407, 0.407, 0.407, 0.407, 0.407, 0.407, 0.407, 0.407, 0.407, 0.407, 0.407, 0.407, 0.407]
