update: rmsprop
epochs: 50
regularize: 3
momentum: 0.99
learning_rate: 1e-10
learning_rate_decay: 0.9
[0.079, 0.084, 0.085, 0.092, 0.097, 0.1, 0.102, 0.105, 0.104, 0.105, 0.11, 0.113, 0.112, 0.115, 0.115, 0.114, 0.114, 0.112, 0.113, 0.114, 0.113, 0.113, 0.114, 0.116, 0.117, 0.117, 0.117, 0.117, 0.119, 0.118, 0.118, 0.119, 0.121, 0.121, 0.123, 0.125, 0.125, 0.125, 0.125, 0.125, 0.125, 0.125, 0.125, 0.125, 0.125, 0.125, 0.125, 0.125, 0.125, 0.125, 0.125]

update: momentum
epochs: 50
regularize: 3.0
momentum: 0.99
learning_rate: 1e-10
learning_rate_decay: 0.9
[0.08, 0.082, 0.082, 0.082, 0.082, 0.081, 0.082, 0.082, 0.083, 0.083, 0.083, 0.082, 0.082, 0.082, 0.082, 0.082, 0.082, 0.082, 0.082, 0.082, 0.082, 0.082, 0.082, 0.082, 0.082, 0.082, 0.082, 0.082, 0.082, 0.082, 0.082, 0.082, 0.082, 0.082, 0.082, 0.082, 0.082, 0.082, 0.082, 0.082, 0.082, 0.082, 0.082, 0.082, 0.082, 0.082, 0.082, 0.082, 0.082, 0.082, 0.082]

