8634	8624
5889	12187
8428	8463
4713	4710
2970	3018
2627	2633
10487	10533
2973	3103
3503	3513
387	392
8750	8747
9383	8468
9834	9849
3321	6920
7695	7691
10839	10885
12675	5836
7831	7839
4093	4098
10895	10719
7346	7351
5669	6031
3376	3383
5570	5575
93	7395
9611	9778
2496	2509
9100	9694
1244	1253
1586	1594
10486	10488
9894	9838
8881	8788
12189	12190
2416	2558
2757	2776
266	114
8457	8471
43	50
7689	7688
4068	4064
10919	11065
8041	5175
6284	6288
12236	12253
5418	5423
8981	9051
8440	8576
6705	6724
4676	4512
6719	6811
4252	4262
2957	2958
308	317
8434	8422
4382	4389
5150	5196
9424	9447
8464	9636
12376	12392
1079	1076
9321	8422
4713	4707
5981	6400
6173	6174
2419	2493
10340	10348
10254	10272
7968	7974
7065	7078
2420	2427
11465	11437
8517	8499
8060	8056
5155	5316
9383	8505
10912	10955
5975	5977
10497	10484
3234	6914
8058	8054
10483	11604
6176	6166
2016	2018
1398	1406
3325	12964
6004	12712
2155	2162
4707	1403
267	283
2016	2014
8434	8512
1202	1212
8621	8840
8271	8289
6707	6791
12633	12646
4096	4092
9611	9776
6285	6340
9009	9010
9013	9027
11838	5841
8451	8454
9379	8498
10920	11083
4572	4591
10456	4091
8448	8438
10491	10563
5152	5249
8857	8523
9422	9486
8875	8442
4714	4711
9276	9281
8634	8629
1079	1078
8440	8586
4085	4096
5994	5972
9124	9135
5506	5590
1910	1926
6017	12196
6501	6514
2968	3005
9382	9099
5143	5149
8750	8454
2961	2972
12724	12728
4707	1404
266	108
5569	6217
11955	11949
3957	3971
9536	9547
10893	10727
8857	8743
11950	12073
11606	11615
5585	5596
4229	4130
8720	9665
11239	11243
939	1070
10347	10353
3482	3502
564	568
12079	12119
43	63
8635	8628
10345	10341
11941	11951
2399	2412
5457	5484
3790	3798
7639	7656
4709	1404
1672	1683
10339	10344
6006	5666
7211	7230
11546	11555
7660	7669
5523	5525
311	487
10497	10498
108	258
5156	5318
4086	4096
3769	3784
471	481
11398	11459
114	210
112	290
5385	5387
10482	10487
7852	7868
11843	11848
9849	8935
1607	1619
6716	6833
9100	9697
10145	10174
9965	8647
2962	2974
9383	8761
9427	9422
108	262
11655	11675
11260	11279
5700	5704
1181	1195
5969	5978
1400	4757
4708	1405
8733	8730
9102	9075
6715	6719
8049	8048
2033	2034
7518	7521
8718	8422
8956	8970
471	482
10254	10269
4465	4477
5968	6323
5967	6233
10693	10707
558	564
2155	2077
8467	8762
2380	1890
4231	4244
6611	6616
6631	5174
2054	2057
8465	8431
5442	5462
6015	12192
3333	3349
5122	5125
10275	10293
917	1031
1332	1343
7246	7256
1869	1871
3139	3149
8914	8929
3160	3174
11282	11317
10917	11041
977	990
4063	4080
2711	2724
64	83
5457	5377
7246	7263
2018	2021
11465	11360
4487	4504
5380	5403
3418	3428
9834	9850
9557	9570
1244	1248
8821	8453
3915	3933
10033	10088
12967	3181
9121	9177
11697	11704
4708	4716
1311	1330
11545	11551
6173	6170
4949	4957
266	124
11835	5588
8830	9370
3233	6947
11281	11282
9375	9099
5785	5790
7682	7708
8442	8734
8885	9092
5153	5286
10895	10822
1970	1981
8627	8650
10344	10441
12685	5546
8873	9725
9426	9418
8060	8165
5143	947
1267	1276
1565	1579
2711	2726
4975	5095
9076	9153
8875	9738
8055	8056
1930	1949
9376	8991
8528	8533
4985	5107
5978	5986
11222	10458
7698	7794
9276	9278
9321	8456
9853	9963
3236	3256
6709	6719
11482	11502
11464	11401
6158	6162
4097	11227
9860	9861
8066	8055
4094	4103
10732	10843
487	1137
10702	10760
12259	12257
8734	8891
10491	10569
8741	9414
4066	4069
1857	1695
12151	5851
4676	4486
7660	7662
2972	3094
11382	11386
8633	8627
4982	5073
7155	7163
478	472
566	554
328	1015
12870	12884
939	1061
8432	8422
4707	4716
6719	6720
2767	2795
12870	12880
8718	8519
9708	8873
4208	4226
9437	9528
8726	8724
85	96
10484	10491
8872	8874
11950	12066
6721	6873
4714	1399
8439	8568
7925	7926
11655	11672
9849	9950
5594	5931
2097	2101
5418	5433
3665	3674
8909	8910
12079	12120
444	445
10916	11024
5386	5493
5969	5980
9420	9448
2425	2457
10148	10215
10340	10347
10498	5730
2420	2425
10341	10367
6070	6080
3915	3926
6768	6775
8595	9404
8905	10036
8457	9319
6015	12194
3969	4002
7492	7499
10708	10712
2966	2968
11545	11555
7685	7731
4887	4904
4524	4657
5574	5578
10920	11092
2970	3014
7697	7747
8726	8874
5594	5920
561	540
2606	2611
3214	3321
3915	3921
4882	5035
8046	8102
11875	11890
5146	5164
10924	11138
10750	10816
10696	10699
2754	1918
1269	1274
11562	11572
5980	6428
2955	2963
10096	9747
2762	2853
11860	5841
9893	9922
113	161
6710	6708
10360	10353
8874	8976
12761	12762
4572	4586
9119	8569
5851	6170
12294	12312
5957	6265
11751	11768
5156	5322
12521	12532
9097	9859
349	365
8432	8436
10849	10726
8526	8468
7246	7258
7516	7523
3790	3803
4089	4098
8569	9079
2134	2141
2585	2601
423	442
8051	8123
2256	2189
5785	5800
10144	10468
5816	5823
9852	9845
12188	6017
4127	4200
8251	8257
4706	4685
12376	12385
2956	2974
13044	13073
490	499
8426	8494
8733	8727
8742	8454
4685	4692
4887	4891
7245	7247
11222	11223
10839	10871
4873	5019
8900	8691
9557	9561
5565	5569
12968	12981
3936	3956
11711	11725
4085	4095
7688	7694
5175	5367
9737	10020
4949	4962
6516	6528
7027	3160
6663	6681
6663	6665
537	536
5986	6490
12654	12669
3160	3178
10924	11136
7550	7556
3790	3794
5968	6329
8059	8162
9418	8866
11941	11945
949	6941
8058	8056
1828	1847
1265	1277
12259	12264
8981	9033
8457	8474
4273	4289
8363	8416
2973	3104
129	235
5697	5780
1502	1516
5642	5656
5817	5827
1277	1295
8041	6634
1079	1082
7851	7866
10360	10254
2016	2028
12125	12137
11843	11838
4985	5104
10090	8753
4097	11230
8045	8063
6707	6797
6719	6713
10347	10340
11546	11544
12149	5590
5842	5881
5439	5376
919	916
7691	7723
12675	5865
9838	9837
2769	2711
5685	5690
5982	6438
116	220
8423	8461
8434	8500
8519	8495
1068	6971
10487	10535
8629	8640
5973	6193
8630	8627
10485	10508
7831	7848
7814	7901
11944	11965
6002	5969
8637	8634
1857	1702
8058	8055
2313	2316
4174	4185
4208	4224
1244	1260
5840	5841
9239	9268
680	691
5418	5436
11952	12092
4545	4550
6512	6497
4715	1402
11950	12061
9054	9062
7027	3214
5936	5946
13046	13038
3033	3138
9853	9844
8730	8725
11260	11266
5379	5175
1803	1718
5150	5182
8720	9334
2313	2321
11282	11304
5978	5979
5975	6372
4418	4447
9054	9058
10275	10279
8678	8688
8629	8641
2173	2193
6019	6017
7471	7483
5544	5546
4888	4895
43	56
8642	8645
4507	4487
7680	7692
975	987
8508	9344
4518	4536
8517	9385
4030	4038
4403	4414
7080	7062
8909	8510
10132	10137
1650	1660
3973	3988
10707	10866
10497	10490
560	565
107	85
3325	12958
5502	5517
7690	7764
1404	4790
9896	8935
5198	5199
4681	4486
9418	9423
2173	2182
12780	12793
8725	9740
2962	2970
816	831
6717	6708
5703	5690
2774	2922
6718	6743
12199	6047
108	252
4888	4904
5819	5822
9101	9375
9965	8641
4465	4480
3321	3139
3339	3349
12685	12689
9423	9420
9421	9419
11390	11409
1418	1433
10361	10406
8045	8053
3233	6945
6501	6505
7080	7089
9382	9100
11580	11474
10341	10377
1398	1407
10832	10692
9834	9842
5380	5399
8747	8832
11941	11953
6663	6675
1730	1740
4092	4088
7686	7737
5198	5203
8432	8445
8429	8451
2033	2046
10819	10830
5594	5918
7250	7260
2425	2469
7469	981
10499	10490
8637	8626
5574	5566
9102	8691
2775	2926
7681	7683
11239	11253
12521	12552
5972	5978
2711	2730
9098	9691
9705	9384
717	807
8519	8468
10143	10161
8361	8362
3727	3732
2016	2022
11900	11913
3644	3651
8992	8448
6512	6514
2416	2498
5987	5993
9556	9563
7854	7872
8617	8434
9097	8884
8822	8618
978	1059
9893	9891
9384	8822
7688	7760
43	59
2955	2956
5154	5267
5460	5391
7680	7682
10914	10994
5570	5665
9377	8730
12190	12197
935	950
10695	10749
3060	3063
12260	12276
510	484
977	997
6717	6810
8878	9398
8887	8894
1857	1694
5379	5376
7427	7434
6269	6279
7682	7700
3326	7058
9375	9383
5669	6144
8429	8505
4593	4602
2964	2967
6070	6086
9378	9376
9425	9504
1080	1096
2426	2524
4118	4342
8978	8452
4618	4633
2074	2016
4118	4339
10497	10135
8448	8746
5823	5977
6707	6795
1763	1765
6712	6813
8430	8454
8464	9647
4230	4330
3217	3234
3566	3574
4084	4098
3060	3070
536	538
11224	4088
5968	6332
9381	9333
565	562
7917	7933
7252	7308
5347	5351
2774	2775
5971	5972
8884	9697
12456	12459
6663	6670
8046	8065
93	7405
8857	8858
10920	11093
935	947
4351	4133
9100	9692
4524	4675
12190	6016
3936	3954
2606	2619
3336	3346
2758	2803
12835	12845
4089	11235
10145	10180
9837	9852
2964	2959
4593	4601
10143	10167
8904	8999
5900	5913
680	681
3139	3145
4712	4685
487	475
3211	3262
562	564
7680	7693
517	595
9009	8976
10487	10541
4064	4077
4593	4607
8271	8278
1889	1900
11360	11371
5578	6197
5997	5841
8798	8800
8052	8064
776	788
1398	1411
5995	5609
2134	2148
11697	1101
4230	4316
4871	4873
6705	6723
2758	2807
7682	7704
5154	5272
8434	8452
11221	11227
6716	6829
2564	2570
1523	1537
10459	4091
1139	1158
13046	13045
9292	9299
515	533
8050	8048
11562	11566
1269	1268
8041	6638
1223	1238
9382	9375
10912	10968
10897	10800
12691	12710
8735	8734
7947	7966
7159	7087
10347	10342
4129	4143
10090	8441
9092	9389
5982	6445
8897	8692
8445	8453
471	480
1523	1526
9099	9698
8884	9691
7514	7609
10341	10378
680	696
10490	10556
1181	1194
10144	10136
1079	1101
9375	9384
5386	5389
3276	3286
4127	4201
2960	2974
7156	7175
10344	1456
8881	8882
3217	3235
5827	5844
3326	7057
8798	8806
6160	6180
9101	9381
10910	10923
7248	7259
4465	4471
12477	12491
7252	7320
13017	13035
1803	1721
2955	2974
12968	12980
10033	8911
423	430
8992	8505
6347	6353
1396	1397
517	609
5818	5815
5376	5387
12967	12969
7252	7324
2355	2334
10707	10720
10489	10550
5889	5846
7660	7677
12896	12898
7519	7572
3336	3224
8020	8022
1404	4802
1400	4752
10273	10268
7685	7721
2564	2583
4985	5111
9292	9294
3276	3282
3566	3575
10482	10490
8880	8882
8055	8075
5574	5570
5385	5380
5904	6173
10919	11068
10697	10768
8749	9756
9838	9849
8312	8322
7516	7529
9418	9435
4676	4517
7246	7250
2416	2562
5150	5197
2134	2140
7683	7699
8642	8673
3790	3805
2958	2967
1730	1734
4566	4487
4465	4481
10033	8454
5974	5918
9276	9290
11921	11932
4160	4163
9423	9462
9100	8462
1344	1351
8873	9718
9076	9163
8068	8047
4949	4964
3230	6905
11260	11270
7812	7828
8882	9393
6016	6020
10701	10754
10730	10710
2155	2172
3482	3485
12278	12289
267	284
2972	3090
9841	9835
5698	5754
5585	5503
7968	7980
8878	8788
1502	1513
4129	4315
755	770
6269	6277
6176	6172
8905	2930
10483	11600
8065	8101
4572	4592
11322	11330
8516	8820
7514	7599
4067	4077
7968	7973
1544	1555
7156	7190
9869	9872
2178	2177
3207	7686
1586	1601
2012	2019
11843	1697
3460	3471
4871	5053
8053	8049
6167	5852
5198	5206
4096	4101
7578	7589
6718	6849
11772	11774
2532	2550
3213	3319
2403	2400
1803	1724
10701	10753
3213	3330
8054	8108
4125	4377
9076	9156
8506	8422
7065	5348
6516	6530
5972	6029
10482	10484
3297	3315
8899	8905
5460	5386
8726	8736
11950	12069
1077	1110
6001	6004
8633	8628
10731	10888
5823	6371
8882	9394
5440	5444
11606	11608
2966	2969
2972	3095
10237	10228
6684	6698
7248	7261
8083	8084
5151	5223
2012	2013
7697	7740
6269	6271
12314	12317
12521	12531
9891	9926
1404	4786
5971	5970
6495	6508
9292	9308
11619	10482
648	676
2426	2514
9123	9145
311	482
2426	2521
11955	11957
10927	11175
10144	10467
6712	6819
9355	8509
9844	9914
6101	6137
10361	10359
10742	10845
9378	9379
8432	8423
10143	10155
10143	10154
9378	8498
11952	12085
5502	5509
9708	8615
7688	7753
4046	4057
958	1121
3217	3221
6099	6112
2102	2109
5968	6280
1160	1176
8508	9340
10695	10694
12236	12242
8906	8429
8625	8624
8427	8422
8427	8426
6016	12189
4871	5055
9120	9116
8423	8453
4867	4880
10926	11153
6555	6572
8900	8935
6098	5514
2214	2216
12724	12730
9421	9456
4716	4737
12416	12434
12743	316
6747	6752
8209	8221
8615	9696
975	977
465	466
7515	7516
3973	3977
2690	2693
3325	12953
10920	11079
8735	8738
4975	5098
4708	1407
1077	1102
4084	4097
1709	1729
4418	4462
7113	7120
1277	1292
9860	8668
8956	8960
13040	13061
10926	11147
8979	8987
2256	2271
8860	8454
2017	2015
4252	4271
5889	5985
4882	5039
11955	12104
3460	3462
568	642
7696	7747
1502	1511
5993	5998
8363	8403
6463	6481
64	80
423	431
1410	4777
6716	6835
5974	6372
10849	10856
5973	6367
10032	10078
4294	4312
11860	11868
8626	8634
6632	6657
2690	2697
12199	5829
1672	1671
6190	6204
1070	6933
8628	8633
5977	6391
1139	1148
5147	5157
9098	9695
3236	3247
975	935
5440	5453
5852	6170
9009	9001
10294	10297
5979	5975
5994	5995
11606	11602
6166	6172
10253	10263
10360	10338
6497	6500
8057	8105
6070	6090
8506	8467
8632	8637
9838	9853
6171	6169
311	1135
3482	3490
537	560
555	517
8883	8747
4711	1403
11949	12044
4085	11235
11339	11345
6002	6001
2017	2026
7812	7822
7618	7624
6708	6807
11391	11431
2960	2971
12891	12810
11546	11561
8510	8906
9098	9696
8887	8896
2970	3023
919	1032
4088	11206
1223	1240
3297	3303
7682	7702
308	314
7578	7598
2334	2341
554	561
11949	12050
8885	8752
556	567
555	559
4087	4096
1460	1472
1544	1560
9001	8936
4063	4073
4046	4061
4882	5043
4982	5080
110	133
471	473
5968	6324
64	82
8883	9691
874	876
4465	4475
8981	9039
958	1123
2669	2677
5840	5592
5570	5565
12355	12362
6497	6494
669	862
4977	4976
5979	5845
8798	8802
9116	9074
5697	5772
4716	4728
8991	8993
4118	4348
558	536
6726	6735
7471	7484
12125	12143
2775	2916
6190	6193
2957	2962
9377	9100
4126	4138
11224	11237
8830	9368
1481	1492
4982	5069
9562	9588
5666	6101
107	118
10702	10754
7156	7179
7245	7262
10702	10756
5151	5229
7033	6639
5700	5701
7851	7855
7245	7251
267	280
556	554
10911	10935
7578	7594
5387	5473
5967	6229
1223	1227
669	855
6171	5662
7033	7035
6099	6116
3624	3637
4706	4708
8821	8787
5565	5567
108	264
2076	2093
3207	7684
11697	11702
5972	6024
2026	2025
10033	8860
5150	5194
1692	1693
2956	2957
12521	12520
6609	6615
11950	12060
5846	5893
8059	8105
4093	4088
10730	10891
11360	11372
5980	6422
11900	11919
7925	7935
12189	6016
107	116
8051	8121
2957	2955
7689	7757
8363	8408
10254	10253
5697	5773
12761	12772
10727	10735
6158	6109
5703	5688
3060	3066
9893	9852
11546	11556
10499	10682
3376	3385
267	281
2403	2412
6710	6719
4009	4018
8620	8439
6171	6174
9896	9988
7693	7787
11544	11545
8052	8066
8434	8451
8451	8444
7348	7364
5565	5575
2334	2336
8209	8215
9891	9843
10715	10725
4064	4067
2018	2026
8442	8495
979	1049
4707	4710
8432	8428
10343	10276
1889	1898
7689	7698
5826	6203
3139	3144
11950	12055
2173	2181
7038	7054
8435	8443
10144	10477
2960	2962
11322	11326
6712	6825
669	865
6020	12190
10491	10552
4087	4086
8635	8637
8873	7091
10702	10762
8908	10032
8857	8862
5936	5943
2026	2053
8516	8824
5565	5570
22	28
540	558
1080	1092
9424	9437
8976	8989
4084	4092
10336	10342
1276	1306
8428	8472
1278	1277
11843	11850
9384	8462
114	195
1730	1731
10486	10502
10921	11095
1650	1651
8627	8647
10732	10845
2018	2016
8832	9073
8981	9040
4067	4079
64	84
8334	8349
5984	5673
5956	5592
10273	10237
9834	9844
6070	6088
8725	9741
7155	7071
4545	4559
10832	10690
10294	10309
4507	4508
4681	4513
12458	12469
2971	3026
8271	8290
3211	3275
3397	3411
6160	6189
5418	5428
12685	6457
8188	8194
8735	8729
8788	9385
308	319
10132	10144
6512	6553
1857	1863
10631	10649
4087	4098
8047	8069
9424	9467
2973	3108
11562	11579
12691	12707
8749	9736
2416	2408
3033	3132
2775	2928
916	960
5969	5975
5840	5870
3326	319
2173	2184
9054	9072
9074	9082
8979	9016
7080	5347
8885	9376
12477	12485
5153	5295
2764	2892
9381	9328
7577	6621
7155	7162
7427	7435
8434	8454
8861	9333
2770	2823
11282	11305
1405	4843
12856	12811
4174	4183
6705	6719
11398	11450
1274	1275
9379	8499
12477	12484
8882	9388
1271	1266
6981	6927
6017	6047
2400	2406
4982	5074
5981	6429
3333	3352
5347	7075
1869	1884
10926	11146
8457	8719
6017	12197
4294	4299
9782	8884
10734	10892
13043	13124
1267	1274
568	629
10910	10147
8642	8656
10920	11082
3665	3670
4094	4088
5552	5557
10695	10697
9422	9470
7692	7758
4105	4112
5969	5972
10897	10804
11545	11548
1077	1105
9123	8825
7366	7386
1355	1358
5378	5395
8469	8914
7253	7297
4160	4133
5990	6001
8066	8074
5702	5693
5157	5337
4868	4942
4713	4711
9894	9948
7513	7527
10920	11089
3321	6923
2173	2177
2754	2381
8978	8506
8730	8425
8883	9693
2425	2473
8821	8819
7814	7907
2764	2890
918	915
2425	2459
3326	5177
10895	10823
5818	6191
9074	8785
3503	3509
9120	9074
3217	3224
2733	2739
10361	10402
3665	3671
10926	11140
8430	8497
5154	5276
8725	9750
4887	4894
4090	4087
8819	8442
6002	5994
8429	8509
918	1036
4985	5108
12236	12244
8992	8998
6270	5972
9123	9143
722	906
10294	10314
11544	11552
8754	8758
4423	4440
3769	3777
107	112
9380	8822
4095	4092
8897	8453
8749	8503
7696	7737
4090	4095
2754	2383
1828	1845
7534	6904
8528	8539
2018	2020
6979	1325
13044	13077
12835	12854
6555	6560
5956	5566
11732	11745
7263	7344
8741	9413
9437	9534
2028	2024
8363	8411
4888	4893
5975	5918
10839	10884
8251	8252
5785	5803
5816	5813
5155	5299
919	918
4063	4065
11959	11956
2774	2920
8445	8467
1828	1842
5385	5378
10897	10875
8885	9101
10144	10478
9321	8469
2026	2024
5997	5830
12675	5857
3228	6890
566	616
11523	11524
8908	8905
8788	9397
2955	2972
3969	3972
7513	7520
4707	1406
4685	4694
4068	4066
8429	8454
2097	2113
12260	12274
1910	1912
5442	5457
11606	11601
935	954
1910	1924
9118	9213
4423	4427
9054	9061
4566	4515
10336	10348
333	339
565	556
10927	11170
9737	10022
4507	4515
5852	6174
517	601
10253	10266
487	510
8720	9670
4714	1404
1275	1277
4716	4738
4706	4707
10701	10752
5993	6001
6718	6854
13039	13088
949	6936
8981	9042
3503	3521
8678	8690
8516	8527
2971	3037
6269	6274
1181	1187
2016	2019
11282	11307
1544	1564
6981	12940
7685	7726
8900	8752
10482	10135
8507	9383
8822	9706
2272	2281
11946	11988
9074	8691
9556	9559
776	778
8057	8046
1398	1405
1079	1092
6496	6498
12190	6017
1850	1851
2772	2869
8468	8451
9276	9277
10849	10863
8569	9074
3915	3928
7469	6635
2012	2030
918	324
2966	2977
5460	5366
112	288
115	85
8457	8861
6279	6304
714	730
6006	6047
6280	6312
329	344
7248	7249
4715	1403
5997	5994
11843	11849
10727	10728
8718	8762
11952	12088
5993	6002
7134	7137
4087	4092
6714	6707
8857	8861
8434	8469
6613	6617
2606	2623
10910	10919
8883	9692
8981	9037
6597	6599
3230	6900
10705	10801
5984	5986
5967	6226
5693	5690
10688	10698
7695	7720
10237	10249
4009	4015
6503	6495
12896	12901
4092	4103
5973	5970
1077	1098
7427	7443
7812	7827
1181	1196
10341	10362
10096	8522
8897	9658
12456	12458
874	886
8627	8652
5995	5997
6463	5982
113	156
8361	8376
8788	9398
2420	2429
5698	1726
7831	7846
5994	5969
10917	11034
7155	7169
2380	2397
4105	4125
7618	7636
8611	8893
9116	9077
1404	4787
10701	10690
8167	8168
8907	8692
6710	6711
8291	8301
10849	10862
2424	2057
1911	2300
3230	6909
6279	6309
10917	11036
8501	8454
2313	2323
12814	12832
9384	9684
9891	9929
8878	9399
9437	9520
11562	11575
2399	2409
2961	2957
10294	10313
3218	7002
8569	8832
8506	8744
5642	5274
8230	8233
4127	4196
1344	1343
8429	8503
2076	2082
5599	5604
1355	1369
9124	9125
8627	8660
13040	13064
11390	11406
12780	12783
5146	5171
8510	10032
6016	12193
4872	4887
5979	5918
3566	3581
2272	2285
7134	7138
8874	9760
6497	6499
7160	7228
9869	9879
1782	1788
5685	5694
8611	8466
1911	2301
5692	5741
2773	2903
3936	3942
6000	5609
3336	3349
13040	13055
2769	2775
8467	8763
5380	5376
12812	12785
5565	5578
7211	7238
8749	8788
9382	8722
4252	4257
10497	10485
2425	2468
8874	9758
5442	5175
11562	11569
1481	1496
5956	5945
13043	13111
2754	2756
540	517
8057	8059
1807	1824
6981	12944
2018	2014
8874	8794
4487	4499
4097	4090
7469	6636
10921	11082
11544	11556
1565	1577
9845	9941
7923	7926
1139	1141
5851	6178
7160	7227
2606	2607
8693	8699
7698	7810
1782	1785
6269	6281
7211	7160
12780	12786
6296	6298
4976	5004
10112	10115
9098	9699
3213	3208
8050	8062
1076	1090
10360	10341
6274	6319
7924	7919
6716	6834
6719	6724
8976	8947
129	234
2134	2135
1275	1266
816	828
10918	11058
1586	1588
3224	3352
8832	8747
9844	9907
7250	7261
3035	3124
11810	11812
6017	12189
12214	12217
9355	8513
3524	3534
4882	5046
10496	10633
7681	7708
2970	3007
1692	1706
4096	4093
4983	4991
12724	12740
538	586
9423	9424
5980	6423
2400	2416
6165	12206
10921	10969
11772	11778
6284	5972
975	986
7245	7264
3181	3188
7924	7926
8634	8636
2774	2919
4882	5051
11953	12079
11952	12091
10347	10275
5418	5437
8907	8825
7027	3224
4681	4520
9853	8604
8506	8431
10631	10642
8509	8465
917	919
8626	8635
9841	9905
2961	2971
8423	8456
2155	2158
3969	4003
8526	8428
11948	12028
8525	8451
10032	10074
5826	5872
1070	6930
6051	6061
4125	4379
11949	12051
8754	8759
8427	8570
3460	3461
6165	6330
10294	10303
9377	9703
12521	12544
949	6924
3060	3074
2074	2028
8724	8736
2957	2972
4522	182
7519	7521
4030	4032
4572	4582
8726	8870
7922	7946
10707	10719
12456	12473
1951	1956
8055	8062
8629	8628
4708	1404
10839	10880
2416	2553
10456	10457
2606	2622
4160	4169
12416	12421
8899	8620
10915	11010
8623	8640
11546	11547
6495	6506
8693	8701
13044	13080
7250	7256
3325	12954
3039	2972
7690	7763
2334	2347
1355	1372
2017	2031
11619	11601
12967	12968
10707	10710
8522	8766
7925	7927
12685	12180
7346	7359
8914	8917
5147	5154
8209	8213
554	515
9852	9849
8052	8101
10707	10693
1970	1971
8045	8065
8271	8284
11948	12032
5998	5989
2770	2833
5153	5277
5544	5551
9381	9331
10492	10589
6516	6519
537	549
980	1048
4174	4177
7366	7381
8045	8061
4716	4736
5367	5362
12278	12283
7248	7254
11390	617
8516	8622
4096	4099
8065	8046
12335	12349
6190	5907
9054	9053
11464	11393
4087	10459
13044	13086
13040	13066
3460	3463
8051	8128
4846	4860
6684	6696
1267	1279
2420	2422
4572	4583
4068	4077
560	556
64	69
107	121
3894	3901
9556	9420
3418	3419
13046	3226
3852	3865
10143	306
5506	5502
93	7391
7857	7891
471	470
10487	10539
13043	13106
8361	8373
5823	6373
7516	7515
10347	10294
7694	7764
11944	11975
3218	6993
7033	5176
12896	201
4097	4091
7685	7732
3936	3953
7968	7972
2016	2024
10345	10449
7534	7538
3227	7023
13044	13083
333	413
4127	4199
1763	1767
5440	5443
9419	9435
329	333
10631	10636
11941	11954
776	781
3181	3182
10145	10177
2964	2970
2773	1220
517	612
7694	7753
3644	3652
10697	10769
1628	1641
8985	8425
2426	2522
2012	2029
553	566
7920	7929
2973	3061
170	190
9893	9863
12856	12862
11544	11553
1692	1703
9384	9381
5152	5242
4888	4899
4871	4974
9421	9418
5984	5974
3769	3779
1803	1714
5686	5716
4520	4644
5974	5823
722	897
935	951
8569	9078
2419	2489
8899	8902
3276	3279
10926	11151
11391	11429
8718	9312
1278	1281
11941	11955
8857	8530
7618	7619
2360	2374
10341	10365
11943	11958
11606	11614
9375	9378
1076	1094
9893	9896
9089	8499
11390	11415
7926	7945
8053	8106
6274	5670
5818	5809
2012	2031
8741	9085
11732	11737
5702	5758
8528	8545
11382	11396
7211	7225
1911	2302
11954	11953
5570	5503
8382	8390
4975	5087
5387	5499
9118	9216
4873	5024
2969	3052
490	495
5978	5985
10727	10729
11260	11265
2033	2025
7160	7219
8883	9698
11655	11665
9381	9380
8877	8746
2773	2898
10339	10341
9834	9843
9896	9991
6613	6618
6284	6292
3624	3640
3224	3335
9010	9788
10922	11111
2399	2411
10490	10557
1274	1268
6001	5913
7518	7570
6613	6624
5152	5245
10914	10986
2972	3084
5143	5154
6051	6068
2334	2351
12435	12445
2403	2409
11860	11867
3326	5351
5842	5835
979	1045
5150	5187
3035	3127
5502	5512
10893	10698
2961	2965
6555	6563
6017	6049
9965	8657
2419	2486
3587	3598
2334	2337
8992	8913
6717	6716
2957	2960
10918	11056
8720	9677
5870	5847
7251	7250
11948	12025
12214	12228
8428	8426
7683	7037
8050	8118
4572	4577
2380	2391
12335	12345
11503	11511
975	917
6099	6121
8438	8606
12998	13002
5889	6039
2416	2554
2772	2860
7695	7731
4982	5064
7680	7687
5347	7074
4867	4868
2272	2283
8730	8726
5570	5567
8910	10040
2313	2331
9376	8722
1763	1779
4091	4094
2400	2418
8065	8107
4805	4812
8747	9075
10032	10084
5570	5574
2425	2461
8382	8389
6160	6081
560	563
5175	5360
12456	12468
8049	8106
4975	5085
557	515
129	239
9375	9100
9010	9787
10033	8906
5669	6146
7513	7514
6166	5852
7246	7259
3224	3351
12355	12364
958	1122
8049	8062
4095	4086
8439	8562
558	568
1344	1338
4868	4930
5573	6050
12896	12908
7448	7463
7513	7526
11382	11390
12214	12223
6347	6359
6631	6637
5578	6194
11465	11470
1410	4766
8749	8794
6555	6567
9535	9542
12416	12398
11946	11995
515	527
8059	8159
1951	1952
11465	11474
1709	1712
7688	7764
4618	4627
562	554
536	555
2733	2751
8878	9401
6274	6316
7346	7360
9089	8509
1709	1720
7683	7712
7406	7425
11239	11251
7348	7365
566	540
734	747
10926	11145
6708	6707
6747	6758
10339	10345
10688	10134
5578	6200
8425	8619
10275	10281
2958	2970
8904	8935
9382	9324
10347	10382
5957	6248
9419	9436
5384	5383
6243	6251
2956	2962
1828	1833
6501	6497
1709	1725
556	553
2770	2824
6611	6625
1354	1374
8878	9386
6347	6035
8522	8769
565	557
10341	10374
5440	5457
5666	6108
11562	11398
12675	12676
5870	5565
11772	11779
2074	2022
3587	3603
11222	4089
12188	12196
6719	6721
7252	7318
8991	8994
5569	6219
5900	5590
874	890
10491	10564
10499	10683
6260	12401
8741	2930
9841	9837
1951	1964
5979	5865
8435	8691
9853	9979
7814	7906
918	1032
1857	1862
3973	3987
8884	9693
5175	5365
11339	11359
554	553
5371	5383
7348	7353
3227	7003
3706	3715
12969	12980
4566	4507
6597	985
10927	11161
7080	7090
7211	7210
557	553
7248	7252
10340	10342
4880	4915
112	301
2134	2137
5666	6110
6497	6507
3213	3326
7922	7945
10294	10296
4805	4822
2772	2864
7346	7347
5816	5809
5692	5749
2627	2639
2360	2368
8519	8520
9119	9079
6260	12403
6171	6167
8445	8422
10493	10607
7639	7646
10345	10448
3356	3371
8874	9756
9377	9375
1586	1595
3397	3400
11772	10988
10343	207
8906	8500
6284	6283
10339	10399
9292	9297
10456	10124
12796	12811
6707	6715
10631	10650
7698	7805
2401	2414
116	212
10705	10690
11482	11486
4252	4256
3297	3305
7346	7349
8632	8634
10715	10851
8046	8074
9860	2506
1828	1848
5198	5204
3727	3736
1869	1878
949	6928
10294	10306
10897	10858
7518	7529
7639	7649
9561	9602
7917	7919
5154	5259
8522	8781
8517	8448
6632	6662
8427	8431
2214	2229
10696	10694
9903	8768
5969	5982
6243	6232
5384	5388
8519	8525
1311	1320
11390	11417
9076	9157
6017	5829
10734	10889
2532	2547
11954	11960
2775	2927
12189	6017
9003	9059
2775	2921
11382	11322
8724	8749
10922	11107
8750	8527
8465	8461
11751	11761
10144	10464
9422	9488
9894	9769
64	75
8735	8733
5578	6202
10915	11013
1742	1750
9535	9552
9615	9633
3566	3583
9426	9420
1080	1079
1782	1783
7948	7989
1079	1088
3297	3314
5552	5544
4046	4060
8830	9371
8979	8988
2969	2967
5900	5910
6503	6538
5387	5468
4706	4710
5599	5602
6070	6087
6175	6179
5838	5851
6710	6715
7080	982
11545	11327
9119	9075
9782	9698
3325	12960
5703	5697
9536	9541
8049	8066
4064	4076
2102	2106
8877	8435
10492	10575
9118	9226
1628	1631
7515	7519
11835	11841
7854	7874
11523	11531
3545	3558
517	611
4273	4284
10145	10183
2102	2100
8425	8613
8188	8200
8830	9361
4572	4587
8730	8423
8857	8460
5785	5797
8635	8641
6503	6494
5967	5945
7683	7706
5815	5597
6280	6300
3644	3660
5702	5699
7682	7037
8522	8765
1267	1269
7685	7724
734	751
1311	1327
7253	7302
3831	3836
13043	13110
10273	10267
5851	6177
9292	9293
366	385
10485	10515
6002	6011
8861	9379
6631	983
10111	10125
12257	12262
5669	5507
4089	10459
558	537
8976	8984
10915	11014
3039	3085
4229	4164
11221	4086
3748	3764
8060	8064
3727	3744
5692	5738
2772	2863
6015	12191
1344	1339
3035	3042
11835	5847
8725	9744
563	566
11224	4091
4882	5047
8428	8471
2173	2179
10492	10572
563	567
8507	8822
10920	11090
4887	4903
11837	12161
4229	4160
328	1013
113	165
5983	6457
918	917
11391	11440
1481	1499
8518	8573
7852	7865
4030	4009
4230	4322
4545	4560
977	1000
8798	8809
10915	10998
8046	8106
7812	7813
8634	8639
2767	2792
11322	11332
10849	10850
10917	11033
7999	8019
12278	12293
3230	981
10496	10649
6493	6503
8209	8224
3545	3560
9009	8887
11921	11935
9557	9579
6279	6301
2419	2477
9437	9527
9562	9586
2764	2882
7689	7685
8822	9384
6712	6826
9239	9265
6613	6627
2360	2377
8569	9080
8059	8161
10090	9404
470	473
11398	11444
6158	6164
8468	8452
1410	4776
979	1047
8501	8451
7156	7186
487	484
1930	1950
10032	10068
5669	6154
4068	4073
2018	2027
6611	6622
8452	8438
1080	1084
1079	1085
4095	4087
7246	7261
8423	8450
12591	12592
9089	8498
5686	5681
3587	3600
6158	6161
5984	5973
7680	7679
5573	5829
5578	6205
5842	5887
5817	12198
10489	10549
12125	12132
4975	5093
2272	2282
3973	3983
3217	3229
5371	5379
12499	12511
10921	11098
4009	4025
8501	8498
11464	11339
10484	10496
4092	10459
10493	10593
9844	9913
10924	11132
12189	6019
6609	6610
12856	12869
11282	11306
9890	9010
11322	11325
7854	7869
8501	8515
7534	6927
6684	6687
2960	2970
490	502
10456	4097
5586	5635
5143	5158
6597	6600
10927	11165
4676	4518
10895	10891
6099	6119
5978	6404
4524	4663
916	956
12856	12807
6284	6295
5156	5334
10228	10230
9097	9858
7618	7638
2102	2112
8462	8751
8083	8047
1951	1961
11281	11294
1869	1885
9121	9175
8462	8615
12911	12922
7113	7133
8621	8851
7080	7087
1375	1383
2957	2971
12691	12709
9705	9682
8992	8825
12896	10413
8429	8502
1311	1313
3503	3506
129	241
8625	8643
13043	13123
8528	8540
3873	3882
9893	8504
8798	8816
9869	9874
568	635
5990	5988
9849	9898
2102	2105
3181	3185
4105	4109
12125	12134
3418	3425
7252	7307
5702	5701
11339	11356
8900	8505
8429	8422
9424	9446
6747	6756
1277	1290
8426	8488
5156	5335
10926	11152
6000	5987
1398	1409
444	446
8860	9327
2313	2315
9838	9844
2424	2449
8507	9375
115	106
7245	7254
2256	2258
333	421
4715	4712
5153	5278
12376	12395
6463	6466
8053	8137
6576	6587
1911	2305
3218	7009
12911	6915
11606	11617
9425	9503
12259	12262
980	1050
107	124
8611	8613
1068	1073
4846	4856
10347	10273
2970	3015
2102	2108
11503	11515
11946	11984
5599	5603
115	107
1828	1832
8909	8741
4088	7290
8913	8498
5378	5398
12675	12678
6494	6500
8510	8912
10342	320
1951	1963
2074	2021
8050	8054
8430	8499
7926	7944
3418	3430
7697	7746
9893	9907
6167	6174
6100	6106
3213	3218
112	305
10849	10800
5697	5758
8878	9388
6260	12408
10344	10284
12812	12762
7920	7943
9380	9382
12814	12824
10188	10204
5987	5618
7134	7141
12499	12505
5957	5503
12724	12733
10340	10341
9427	9512
12314	12329
4093	4099
10343	10387
4985	5114
5147	5151
3727	3730
1375	1392
12911	12896
11360	11368
4403	4406
553	555
8054	8056
9558	9559
8363	8409
1910	1890
1607	1622
4065	4064
387	395
7857	1652
7698	7799
3873	3889
8635	8627
915	925
8872	9761
8501	8514
8822	9383
9423	9466
11391	11425
6714	6811
11392	11390
1266	1271
5367	5383
11360	11361
3236	3251
11751	11769
9013	9019
5570	5573
11465	11389
1344	1340
568	630
5990	5987
10345	10445
8880	9395
3706	3717
7038	7039
8633	8637
7683	7702
5969	5973
10482	10500
5150	5181
9276	8497
8884	9763
2313	2317
540	561
8438	8609
4230	4178
8312	8324
680	697
11464	11392
3297	3309
9896	9981
8631	8638
717	811
2962	2959
9321	8468
11482	11484
4868	4939
12691	12692
6284	6294
9893	9912
3039	3112
170	185
12896	12909
12870	12876
4522	4616
8427	8428
5972	6026
6015	5829
12521	12548
9419	9424
3418	3424
3665	3676
7263	7338
9849	9946
645	652
4465	4467
9561	9601
5977	6397
7682	7707
5697	5778
4273	4275
8626	8628
8615	8726
11634	11651
7999	8004
4487	4488
8726	8733
10493	10601
9849	9769
8788	9389
5987	5999
2958	2956
8880	9388
366	368
2772	2876
6493	6505
3831	3844
8468	8429
5588	5677
6167	6171
9850	9918
2214	2223
4882	5049
6516	6536
5986	6399
2256	2261
10486	10496
9425	9507
2026	2023
9420	8692
11180	11182
6710	6724
13043	13113
3033	3028
12743	12760
12355	12361
2963	2957
8066	8075
12675	5645
11941	11942
110	149
874	882
116	225
3060	3067
7968	7979
8291	8308
3606	3608
2762	2838
958	1129
7857	7883
2403	2411
10499	10679
5384	5376
3297	3311
4064	4080
9853	9978
8230	8239
10143	10166
8055	8146
5552	12177
10922	11055
2017	2016
1692	1700
6098	5667
4465	4470
8693	8696
328	1020
10910	10915
11792	11803
11606	11598
8992	8692
8832	9103
698	709
1076	1086
11944	11921
1650	1669
9077	9258
11955	12078
4382	4402
5506	5565
11260	11264
3160	3167
6051	6063
10917	11043
9421	9423
13038	13044
10361	10410
8881	9400
8821	8884
7471	7472
11952	12090
8720	9666
3230	6913
4982	5081
8440	8580
4423	4428
10742	10803
9559	9418
3482	3493
7263	7345
7515	7520
10339	10347
8595	8431
12612	12627
8528	8542
9121	9182
12236	12238
4983	5014
4507	4520
4949	4950
9292	9303
7948	7947
11959	11958
4975	5089
980	1040
919	328
10228	10238
3227	7026
8526	8429
9009	8980
8890	8719
5806	5817
10732	10693
5571	5825
366	377
22	29
11523	11529
6611	6623
9379	9089
10704	10785
9849	9948
7948	7995
5552	12173
4064	4068
470	474
6051	6065
7923	7927
6710	6723
9383	8498
12633	12643
9705	9376
8883	8615
11860	11870
8508	9351
10732	10889
9891	9908
5981	5973
9010	9786
8821	8750
1439	1457
4095	4097
6167	6176
5975	6369
10696	10749
11482	11496
2017	2023
7093	7067
8049	8140
6190	6203
7346	7352
471	478
8519	8467
3356	3373
7513	7518
3915	3934
6051	6060
7695	7725
8465	8796
4711	1402
8462	8438
5440	5455
2769	2754
13039	13092
6713	6711
5384	5392
9076	9155
5387	5364
10347	10338
7831	7845
6463	6475
6717	6720
6051	6056
1730	1735
8632	8640
4127	4193
8726	8734
5981	5971
8956	8973
8451	8465
537	517
7999	8018
919	477
4867	4884
3230	6911
4086	4087
11392	11481
9615	9629
8053	8148
3665	3680
7513	7517
5693	5726
4507	4519
11545	11547
2955	2959
5574	5505
1991	1996
12780	12795
1523	1534
2955	2958
12236	12237
3644	3661
6284	5952
6631	6638
1276	1269
6747	6753
4709	4710
4118	4346
12654	12670
2757	2733
5378	5381
9737	10011
919	324
3035	3125
2758	2801
10483	11601
5972	5970
7471	7490
7514	7613
9844	9920
9120	9123
5977	5940
13038	13046
9557	9576
11221	4094
6718	6858
916	477
6016	12190
8432	8426
7660	7670
648	677
444	457
5693	5722
3397	3412
1278	1275
10819	10708
8956	8953
8617	8518
9120	8985
7492	7497
5696	5727
5703	5765
4871	5054
8693	8703
6613	6622
8857	8457
6019	5829
10484	10482
1439	1440
5347	7073
6747	6755
4086	4089
6285	5514
2769	1918
5599	5610
10832	10833
5696	5732
5698	5757
6717	6718
8874	8749
2767	2780
4709	4685
5156	5324
3228	6891
1930	1931
113	167
7857	7893
5146	5172
11619	11623
7038	7056
8956	8971
11464	11398
6705	6720
11860	11873
5347	982
10819	10707
7065	7077
2648	2656
6714	6724
4067	4066
3973	3986
8423	8455
8754	8454
6720	6708
3439	3442
8626	8624
11545	11553
8631	8641
8819	8876
10294	10312
12149	5609
734	741
6173	5851
5599	5605
5990	5994
1763	1775
11482	11499
8882	9391
6663	6676
3973	3974
8517	8505
568	640
11221	4092
12612	12616
10908	10913
1828	1844
2955	2957
5987	5970
10701	10761
9384	9383
8361	8372
64	73
5376	5378
1692	1707
5851	6179
6006	5841
9124	8529
8911	8860
6347	6360
9892	9849
6274	6317
8435	8448
9421	9422
10485	10513
9834	9837
6609	6628
3276	3290
10489	10547
5993	5970
3326	6634
3217	3225
8611	8439
11959	11967
7248	1358
112	304
3213	3227
3035	3126
12691	12697
10702	10753
5838	5857
6684	6701
7968	7978
12259	12269
6979	7022
9611	9771
7406	7416
4030	4044
8908	8903
4423	4426
9428	9439
8907	8517
9383	8429
12896	10987
8230	8249
7469	6639
11943	11961
6609	6622
3894	3897
3321	3201
8251	8270
2767	2785
12278	12292
5846	5552
4593	4604
8507	8509
10921	11101
10132	10139
2012	2032
5385	5367
5380	5407
12416	12426
11360	11377
11482	11494
4046	3200
5544	5557
8451	8724
5669	6151
5686	5717
4090	4094
6324	5971
6285	6345
7155	7168
2962	2975
3460	3464
8047	8141
7687	7755
9562	9558
2401	2410
12998	13013
4097	4093
11180	11193
267	282
5978	5845
3894	3910
9869	9884
8429	8499
8914	8926
9896	9993
2256	2192
6020	6015
8054	8146
10731	10890
7639	7658
7159	7206
349	364
9426	9430
2969	3045
3060	3072
1481	1495
11954	12076
8445	8516
22	42
11606	11609
4067	4063
8068	8074
5198	5212
7926	7941
8678	8505
6609	6611
5347	7063
2772	2857
1828	1831
8899	8903
5502	5521
1404	1401
1889	1906
5818	5814
3326	7061
10456	4087
5666	6106
6717	6723
8525	8511
129	250
9891	9863
10275	10276
6768	6780
8615	9690
2585	2604
3201	3209
12355	12375
1410	4783
1671	1685
3139	3142
11875	11880
5599	5616
43	60
1076	1088
8733	8425
10918	10969
10343	10398
1807	1812
6015	6019
12259	12275
10343	10396
1223	1233
7948	7951
556	571
2648	2663
7695	7722
5686	5713
4805	4815
12189	12198
7854	7852
776	779
6503	6537
6609	6614
11921	11929
12477	12480
874	888
7681	7707
6285	6307
12691	12699
6981	320
5544	5555
10493	10599
3224	3339
1270	1266
10715	10707
935	937
7518	7520
10490	10554
6497	6498
6768	6782
2076	2096
5440	5452
6175	6172
9437	9519
3957	3966
4113	4156
11949	12037
5982	6435
7427	7447
8611	8452
10911	10932
5979	6407
10688	10700
8052	8099
2496	2498
8617	8439
9849	9949
5151	5220
7348	7354
10360	10275
9120	9102
4231	4237
9965	8656
8526	8834
8631	8623
11951	12074
4252	4254
8861	9323
11180	11188
517	607
12278	12235
6611	6618
1607	1613
11875	5644
12998	13001
11950	12068
2757	2773
8749	8908
8445	8473
6260	12406
9422	9485
1277	1304
11947	12007
8465	8617
3376	3392
8633	8642
9708	8875
8334	8351
4231	4247
5143	478
11953	11954
6019	6016
12416	12427
6020	6049
8469	8431
918	1031
7577	6612
8881	9387
2380	2382
4520	4515
7577	6627
8880	9389
7211	7241
8734	8613
6497	6509
5156	5332
4294	4300
3811	3815
561	557
5574	5571
3915	3919
7682	7706
3969	3996
10132	10146
10360	10344
6048	6015
10148	10221
3325	6878
8058	8063
10704	10795
5157	982
9009	8914
10917	11044
12294	12310
7917	7918
5385	5364
12188	5829
12612	12613
4805	4816
11751	11760
10487	10527
8885	8873
8046	8064
1271	1268
3587	3591
919	1028
13040	13058
12633	12648
6347	5936
5386	5388
8742	8748
2173	2186
9076	9160
9010	9803
12477	12482
11465	11472
916	959
6709	6723
8978	8501
3644	3653
12612	12625
7246	7260
2969	3050
919	917
11792	11801
2772	2867
560	517
9116	8440
12435	12437
6048	6049
5585	5588
10631	10639
10731	10693
6494	6502
8451	8595
6285	5580
170	178
4566	4523
10344	8269
1276	1281
3160	3171
12335	12351
5697	5777
10485	10510
8981	9038
85	91
2532	1952
6721	6861
10696	10706
12435	12455
4868	4938
6609	6625
6768	6774
4403	4410
7694	7758
3434	3698
5967	6240
6726	6741
5994	5836
10490	10491
3356	3367
8053	8048
8506	8742
9377	9704
1265	1269
7694	7759
12458	12588
10343	10397
5386	5387
6160	6184
5379	5393
3831	3841
5439	5364
12236	12246
4507	4522
475	511
11464	11390
10148	10216
12998	13015
8361	8380
8457	9315
10144	10479
5900	5664
8291	8293
2968	2995
387	401
10927	11177
8885	9090
7696	7686
669	867
8363	8415
6716	6846
10344	10435
2772	2859
9378	9099
4423	4435
1070	6925
7999	8003
6747	6767
1410	4775
4706	4709
5588	5681
8188	8204
4126	4112
8733	8870
8724	8819
11951	11955
9423	9465
5574	5502
555	565
8050	8111
6496	6510
10237	10238
1650	1657
12149	6171
7550	7561
2767	2781
6274	5957
6324	6328
6347	5837
5588	5678
6715	6707
538	579
8312	8313
7033	7037
7639	7641
5460	5373
7250	7252
5122	5142
557	556
5586	5623
10734	10707
5870	11874
1404	4793
8525	8467
10924	11122
648	668
2173	2189
6048	12195
2360	2376
12125	12145
8631	8639
10708	10719
12633	12636
6158	5981
6494	6512
10032	10079
6016	12200
3236	3249
8522	8772
8528	8538
10148	10210
10498	10659
11792	11809
5385	5391
8068	8063
12675	5662
10336	10349
4273	4291
9903	9999
1077	1108
5936	5945
11810	11822
1889	1907
8741	9412
5990	5996
12260	12277
6279	6303
3460	3468
5506	5503
11391	11442
8051	8132
6018	6016
9097	9856
8445	8525
9100	9690
5122	5138
3230	6896
517	600
7683	7704
1828	1830
566	618
10914	10993
6747	6764
12260	12275
7427	7439
482	473
5686	5709
2966	2971
8361	8375
8628	8642
5143	946
5385	5386
7519	7533
9122	9193
8054	8103
5973	5975
12998	13010
680	660
9423	9428
5347	7064
10111	10123
10237	10234
10499	10681
5506	5504
2155	2167
2773	2914
5806	5813
10188	10189
7857	7885
3356	3357
12967	928
9120	8440
471	324
4418	4455
2074	2024
2669	2688
2961	2960
12520	12526
9123	9151
5460	5390
4977	4982
5594	5930
5815	12721
5698	1713
10701	5023
8507	8453
2313	2330
4867	4873
6020	6019
12685	5646
8936	8949
1354	1365
2420	2399
2177	2195
2401	2418
12796	12806
7448	7458
7690	7688
7812	7823
22	37
6631	6611
1763	1768
9853	9975
7812	7829
8936	8952
9097	8509
12591	12603
6747	6750
3333	3341
7693	7770
5642	5655
12969	12996
1311	1314
7211	7219
6512	6499
10707	10709
560	559
776	791
9853	9977
9558	9562
9275	9694
7093	7103
10491	10566
1418	1437
11339	11343
7469	6638
8906	8509
8045	8060
1709	1723
5702	5698
8822	8761
8457	9317
2235	2236
12125	12140
7926	7925
6497	6496
1076	1085
3234	981
7033	6636
3336	3343
2966	2975
1202	1220
5978	5662
9892	9850
1889	1892
6705	6713
4294	4298
329	336
7249	7269
1586	1605
6609	6626
6708	5145
4868	4947
114	192
11634	11637
6285	6335
3039	3091
2118	2129
4230	4315
12967	12971
980	1056
8629	8624
4030	4039
5702	5689
2764	2879
11837	12172
8857	8868
8054	8066
2968	3001
11954	12103
5703	5700
3434	3696
8877	8734
3434	3703
4089	4087
8724	8871
10490	10563
1460	1463
113	163
1160	1179
6166	6173
977	989
12278	12291
9003	9069
5936	5954
1404	4789
4545	4553
6173	6175
5972	5913
13039	13101
9001	9005
1910	1929
6016	12198
11634	11650
7686	7733
13038	981
2769	2382
9089	8885
2424	2439
8860	8722
12355	12356
10347	10343
6171	6179
4715	4716
12477	12486
564	555
2648	2667
7249	7277
7534	7540
8981	9035
4068	4071
3139	3147
6000	5995
12199	12191
8433	8480
6100	6101
5936	5682
10483	11602
2076	2084
11606	11597
7695	7724
11465	11467
1607	1621
8642	8674
1565	1575
85	86
11562	11574
8890	9614
722	909
5852	6178
10111	10127
11959	11952
5544	5553
3214	3355
10707	10713
9378	9381
698	704
11676	11683
2416	2503
8519	8518
3624	3627
8908	8907
9782	8885
10275	10277
7852	7867
1354	1363
1076	1087
680	690
4208	4228
1079	1081
1991	1998
3339	3344
6260	12397
6158	5973
7925	7940
4868	4871
8425	8615
8058	8065
12456	12465
2764	2885
6280	6297
10032	7121
13046	13044
3434	3700
12151	5852
3217	3231
9077	9254
4681	4524
12812	12792
10498	10658
11655	11659
6631	5173
10819	10826
6555	6556
10849	10864
10499	10678
12968	3297
5570	5580
6503	6545
4294	4311
7159	7203
8057	8102
6712	6816
11222	4092
4129	4359
8877	8454
2969	3044
7922	7933
8422	8436
22	27
8519	8517
113	169
5904	6170
328	1024
4030	4033
11503	9244
11619	11624
7080	7065
11944	11967
7639	7644
5703	5767
11860	11869
8981	9048
2776	2949
8885	9098
9118	9211
4805	4817
9382	9333
3214	3228
11751	11755
10486	10485
170	172
7348	7362
4351	4138
9426	9429
5851	5905
8528	8548
8956	8957
7211	7231
1671	1676
11955	11959
6611	6615
5371	5364
9535	9553
9122	9195
4046	4048
4423	4436
8874	9736
4572	4588
9890	8474
6684	6699
8464	9643
2235	2239
8750	8509
7948	7952
3894	3907
5967	6239
11180	11197
9121	9187
837	850
11860	6473
10144	10480
4976	5003
10917	11038
10342	10419
5152	5244
7831	7844
3356	3360
7492	7504
5980	6229
8734	8617
1344	1350
11711	11716
10148	10209
478	476
9965	8659
918	916
12998	13004
3418	3434
5982	6450
9089	8741
1650	1658
10342	10428
5806	5807
6463	6467
9903	8766
5153	5296
1076	1091
1782	1802
2564	2575
8890	8438
9869	9871
6597	982
1807	1822
4882	5041
9561	9607
4518	4526
9559	9557
8883	9699
11959	11955
2334	2348
7406	7415
10360	10339
7253	7292
1565	1573
8440	8592
6609	6613
5157	5346
5506	5573
977	1006
7680	7681
9860	2508
10918	11057
8518	8426
5376	5381
8887	8732
9097	9857
5460	5388
2076	2077
11921	11930
980	1052
2769	2770
2399	2406
562	560
11546	11559
1410	4771
8910	10051
8440	8574
7093	7099
5692	5747
12435	12444
2972	3029
7686	7750
8434	8515
4566	4571
4887	4895
5155	5309
8976	8992
1068	6965
7027	3225
4712	4714
9097	9782
1544	1561
1672	1685
11751	11767
4085	4102
2426	2531
5993	5987
8747	9074
2118	1971
7685	7719
6243	6254
8057	8052
5816	5812
8516	8473
10742	10847
1742	1743
2770	2825
471	486
5817	5888
7250	7246
717	804
2971	3035
11751	11770
5151	5158
4716	4732
3297	3317
9837	9843
10033	10087
5986	6486
1355	1374
8910	10042
9611	9773
4129	4323
714	732
8720	9668
9559	9538
4084	4085
2754	2765
5973	5913
4113	4134
5442	5445
12376	12394
11810	11814
4009	4017
3873	3890
2648	2655
5578	5825
8730	8739
8981	9034
10493	10594
10486	10490
7515	7532
10188	10194
1782	1796
12835	12840
1857	1861
8438	8605
5998	5618
5685	5700
11860	11864
4086	4101
5700	5768
1160	1162
5385	5175
6496	6500
8438	8602
8873	9720
10910	10917
915	918
5975	6097
1405	4839
8569	9083
12814	12834
4888	4892
328	1014
2606	2614
9077	9256
7696	7733
4846	4858
5573	5902
9737	10023
11900	11903
4872	4973
11546	11558
7113	7124
917	918
11360	11362
8633	8644
5565	5572
8188	8191
11959	11957
2420	2423
12259	12270
4096	4087
6495	6494
5364	5471
2028	2032
10693	10712
2955	2966
490	500
7113	7117
4046	4049
8625	8644
5367	5376
9890	8935
5573	6038
5838	5839
11676	11685
939	947
4094	4100
9419	8692
7690	7754
9074	8832
5175	5375
4403	4418
8501	8720
8435	8474
9418	9419
5153	5291
7685	7728
5870	5583
5990	5970
1418	1424
7812	7817
6176	6175
2028	2029
9834	9840
8979	9015
6714	6710
328	1012
8754	8467
10144	10470
11180	11187
4094	4099
1502	1504
10484	10486
4424	4403
3831	3846
6270	5971
2758	2802
8422	8437
6463	6473
4129	4354
7513	7516
2420	2434
568	644
698	702
12477	12497
8528	8537
6103	5671
3873	3880
4113	4145
3233	6952
9383	9707
11398	11458
7038	7049
12691	12700
3218	6995
8884	9261
8629	8625
12151	5662
8230	8234
5983	6453
2016	2032
9890	8462
837	851
5599	5607
755	765
10708	10717
8899	8908
7948	7991
10459	11221
8452	8619
9116	9075
10920	11081
5870	5582
837	854
13038	13047
1565	1582
5152	5250
10228	10246
5967	6236
1181	1200
5978	6408
2074	2020
10487	10538
8068	8072
1375	1377
1223	1230
557	558
6712	6815
717	798
4351	4134
9119	9232
11634	11643
333	366
9428	9513
11952	12061
8442	8615
8625	8623
11544	11551
471	479
919	1030
10708	10718
9423	8520
8821	8873
918	1038
3181	3197
8911	8913
10911	10946
11465	11396
9010	9802
3234	6990
1523	1538
2026	2031
2711	2729
3217	3222
776	795
8642	8664
7688	7761
4063	4068
11482	11483
975	985
6496	6494
9852	9893
7577	6629
12814	12823
6720	6721
7618	7633
116	229
915	923
6190	6196
10499	10685
6160	6078
2960	2969
11382	11360
12835	12838
6710	6709
538	582
6555	6573
4572	4574
5956	5959
10912	10966
12870	12886
4572	4579
3228	6884
10914	10983
12555	12559
12260	12262
2669	2683
13017	13022
4711	4710
2017	2021
1267	1273
4067	4065
1223	1225
10832	10700
9535	9540
8082	8067
12294	12306
5523	5541
8981	9047
1692	1702
1910	1923
10096	10103
6018	12198
2669	2687
3211	3265
2606	2610
110	137
3665	3683
8733	8736
10491	10568
11465	11469
2973	3107
9558	9536
8897	9660
11951	11949
13043	13118
12314	12328
6018	12195
8884	9698
8890	8452
2256	2264
12520	12536
1742	1755
12612	12630
8742	8444
3894	3909
9558	8692
12691	12703
6004	12718
8425	8618
4805	4821
2155	2163
9841	9836
387	406
9896	9986
8725	9747
4208	4220
6173	6178
2564	2571
2173	2191
9425	9502
1265	1267
9558	9589
2334	2354
755	757
9852	9902
7469	7036
2758	2798
5823	5970
8741	9406
12456	12469
1355	1370
3748	3758
8068	8061
10839	10690
8981	9036
2966	2973
5980	6414
8617	8429
11948	12027
10361	10412
12376	12379
7660	7674
5697	5781
10485	10518
10819	10825
7093	7101
8718	8445
13046	13048
7534	7542
10112	10129
12151	5583
12724	12737
6495	6497
5367	5412
10341	10373
1742	1757
4118	4345
6279	6296
4707	4715
8914	8932
3326	981
1730	1657
5700	5764
13043	13121
2420	2430
7471	7487
874	889
3587	3605
3831	3833
9782	9699
5995	5969
9869	9888
6098	6107
4522	4617
2076	2088
12654	12674
8045	8064
9860	9866
2968	2987
12079	12107
8992	8871
11943	11960
8522	8774
8516	8819
7251	7286
3060	3068
5386	5400
10254	10228
10839	10881
9860	9865
8872	8736
2958	2957
11838	5969
8887	8452
11837	12158
12675	5863
10697	10765
7156	7188
1970	1986
11388	11389
5574	5576
266	112
12911	12900
1202	1209
2769	2776
4618	4631
9003	9064
1405	4841
6717	6725
9838	9891
8878	9395
6165	6231
9419	9432
3297	3302
11732	11736
1857	1698
11900	11907
4009	4013
9001	8981
170	181
8633	8641
6684	6697
10819	10824
8910	10054
10253	10269
2972	3081
2033	2036
1418	1421
4382	4394
9425	9492
6501	6493
10143	10151
7578	7583
10832	10695
12079	12117
2955	2967
6017	12198
1481	1482
8872	8725
11282	11310
8428	8466
11950	12063
2033	2050
975	980
333	416
6000	5998
4872	5060
10144	10469
8045	8047
7251	7247
2380	2381
5994	6008
4708	1401
7680	7696
538	583
12911	12918
4676	4520
5571	5502
4949	4966
5980	6427
4089	4092
7249	7278
8438	8597
2355	2102
4127	4189
8045	8057
8518	8829
4465	4474
5147	478
8979	8721
10341	10366
11751	11763
6717	6711
7926	7917
4545	4551
5565	5577
939	1073
6051	6057
478	481
10696	10697
1910	1917
1709	1722
4713	4712
8628	8635
3234	6982
2426	2513
4880	4911
1273	1272
10702	10701
4706	1404
1223	1242
93	94
12998	13014
10727	10741
8508	9345
1439	1453
5387	5391
9312	9831
3418	3422
7134	7145
2969	3056
387	390
1077	1109
9092	8499
9102	9104
10704	10798
10688	10691
10315	10334
4711	1405
5838	5861
3873	3875
8819	8879
10336	10340
7448	7465
12189	12200
9076	9158
6004	5664
8631	8634
3233	6953
10918	10974
12675	5841
2970	3021
8518	8429
11398	11452
8904	8431
2425	2460
12435	12450
3376	3394
3160	3180
8060	8080
10273	10274
8629	8623
10315	10327
5981	5836
6663	6671
7113	7131
3139	3141
3397	3403
2178	2201
1565	1571
1080	1082
5700	5767
2733	2744
8060	8048
5594	5922
11955	11948
6709	6714
4046	4055
9292	9302
9708	8725
6721	6860
8049	8054
8426	8476
5198	5216
7660	7667
3339	3343
3325	12950
7366	7380
10910	10922
7814	7903
8291	8311
5154	5261
515	535
10893	10693
7514	7600
8425	8441
3790	3804
1080	1083
9384	9377
6597	3210
3748	3755
2969	3051
6768	6788
11959	11951
9737	10010
10895	10708
2102	2212
5984	6482
2764	2891
3969	3995
2775	2917
776	777
2966	2972
8907	8935
1354	1358
7947	7958
3852	3860
4805	4819
6269	5969
8291	8307
9292	9307
8058	8062
2973	2976
329	338
7686	7734
4593	4610
2400	2414
12435	12451
565	563
10696	10702
2956	2958
10688	10689
1803	1804
4118	4349
6981	5340
11676	11693
8981	9044
6726	6732
5701	5700
3873	3878
5379	5383
10336	10347
6981	12942
6324	5973
6663	6680
8055	8143
3336	3351
8880	9394
10105	10110
7692	7687
266	109
8724	8870
9892	9846
7686	7736
9001	8990
2313	2326
6002	5609
5371	5441
9420	9444
308	321
979	1042
3482	3491
9737	10021
10487	10530
6632	6649
11943	11921
487	480
5981	5974
7348	7347
5152	5237
8678	8453
1269	1277
10688	10697
4985	5103
9837	9898
5904	6169
8448	8499
6269	6275
9054	9056
2963	2961
6496	6499
10339	10315
3545	3546
10343	10395
8355	8356
7924	7944
918	477
12998	13008
6173	6171
1311	1312
2961	2970
6006	6093
6270	6275
8436	8513
5371	5367
10918	10972
9120	9075
2360	2363
5904	5852
8635	8623
9423	9422
5642	5645
8050	8113
2403	2406
6721	6863
9852	9894
7065	7080
6347	5566
5815	5985
3336	3335
116	222
3213	3328
2773	2911
8440	8584
13038	1326
8634	8642
6001	5663
3227	175
5685	5701
6597	6602
11392	11322
11900	11901
5157	5340
10144	10474
13017	13030
8693	8698
11619	10483
2017	2028
9124	9138
5692	5736
8426	8493
9418	9430
8631	8642
714	726
7249	7245
6631	6633
4229	4109
6684	6703
11606	11610
4507	4524
5840	5863
8525	8438
1991	1994
475	477
8875	8453
7113	7130
5523	5538
9611	9765
6167	5662
5347	7071
8452	8618
1650	1666
4681	4514
328	1019
12870	12887
8631	8632
1671	1683
11655	11668
4067	4076
5702	5764
5987	5997
9418	8692
8857	8865
1857	1697
8426	8485
1269	1266
10908	10909
5442	5439
1807	1819
5379	5385
7686	7748
6715	6712
12257	12269
4423	4407
11546	11557
4273	4285
8978	8454
1223	1226
4403	4415
10911	10938
12294	12297
11180	11194
537	565
9124	8531
3482	3492
8440	8577
6098	6102
5995	5996
8874	8788
1628	1642
5418	5429
722	901
5569	6210
8060	8076
4090	4088
8066	8071
10132	10133
10914	210
8872	8871
1523	1535
9556	9418
6611	6614
4097	4085
8519	8445
3214	3227
5379	5366
4846	4851
8754	8441
10148	10220
8628	8640
11224	4092
12998	13012
7038	7043
10924	11125
10032	10077
10913	10972
9561	9600
9092	8442
7366	7384
475	510
8878	8880
11949	12053
8615	9695
8905	8741
471	483
5840	5836
1270	1269
5818	5811
558	567
8910	10045
12214	12221
564	515
9893	9963
6018	6048
7519	7575
1139	1140
1139	1159
11792	11805
11952	12093
7113	7125
915	929
4977	4984
5819	5806
4487	4497
9892	9847
8632	8624
1139	1154
7685	7717
4089	4086
7812	7821
8059	8102
8423	8458
5693	5720
1709	1717
5696	5734
11944	11971
5785	5796
8633	8636
5972	6028
9853	9913
8058	8048
7696	7748
11544	11559
6243	6255
11360	11363
9890	9663
11946	11980
9860	5652
2669	2689
6016	12192
11900	11911
7948	7992
8045	8051
10926	11149
8900	8899
6631	5177
10927	11164
11952	12094
11523	11535
12188	12198
5586	5621
1375	1394
387	404
5981	6407
8054	8073
4685	4687
8230	8241
4068	4078
9428	9517
11711	11722
2964	2960
4888	4900
9054	9064
4418	4453
9846	9845
10849	10858
4113	4155
4868	4944
6707	6790
43	52
12458	12586
8981	9046
874	892
5666	6102
10361	10341
563	553
9420	9428
3936	3938
11948	12031
11382	11384
1271	1277
5586	5632
7156	7181
8635	8633
3397	3413
10696	10750
568	636
8857	8860
9849	9901
5826	5578
9292	9301
8735	8870
3236	3243
6176	5662
5889	5894
10484	10497
4096	4094
4067	4064
8788	8878
8508	9346
7852	7813
8908	8900
8620	8422
10483	11595
1	8
2134	2149
5889	5862
5997	6015
10492	10591
5852	6177
722	911
563	540
9076	9170
2355	1911
3297	3301
4105	4113
12214	12225
13039	13099
2118	2123
6098	6101
6166	6170
349	358
9860	8645
10228	10236
2971	3041
7252	7321
8907	8900
11655	11669
776	789
470	482
2214	2231
10693	10714
11482	11493
2313	2319
4983	5009
9556	9536
8083	8082
5523	5532
8428	8461
6719	6714
8500	8454
475	324
6324	12683
1079	1084
8615	8724
648	670
5371	5378
2118	2120
8501	8452
2773	2902
7639	7653
9375	8499
537	563
10631	10643
1460	1478
3566	3569
1274	1271
4125	4366
10487	10542
6001	5991
9376	9685
10701	5030
11921	11928
6705	6710
3228	6877
7249	7268
4882	4868
9536	9543
648	666
5122	5129
2669	2678
6017	6018
4518	4535
9101	8705
2973	3068
5669	6153
4091	4093
5973	6362
12835	12844
7448	7450
8516	8825
6718	6733
3233	6949
5838	5850
11544	11550
510	1137
12780	12789
6496	6512
10696	10692
10032	10080
7038	7052
5506	5589
10916	11019
8976	8986
12416	12433
8936	8947
7251	7246
7550	7563
11943	11953
8621	8846
11947	12002
8754	8752
6463	6238
4230	4321
9562	9419
12724	12734
4064	4072
9102	8747
13038	1325
10731	10845
5599	5612
5806	5810
10353	10254
2961	2974
9099	9275
6710	6717
266	117
9010	9794
108	256
10897	10717
10731	10891
10498	10664
1276	1272
6166	6177
10910	10916
9437	9532
7851	7867
10132	10136
10839	10883
8060	8073
8885	8741
5703	5701
10491	10490
10344	10434
170	188
487	472
1332	1342
6747	6757
10732	10734
1076	1083
8890	8469
8885	9089
6494	6510
129	245
8469	8573
2773	2905
9009	8899
3035	3033
11282	11321
7857	7884
3297	3310
1	18
9893	9924
5457	5485
9123	9106
5692	5744
7469	6914
1709	1719
4566	4465
12335	12342
10908	10925
444	462
8630	8625
5156	5331
7851	7859
10708	10716
9077	9257
5993	5999
12814	12825
8628	8632
8057	8099
11835	5598
366	376
6684	6692
8908	8911
8749	8874
5971	6022
7246	7245
8734	8732
9384	9376
3181	3189
562	555
1991	1995
10495	10629
5588	5670
8724	8733
2424	2451
8905	9406
2767	2787
568	627
12477	12487
1398	179
10919	11063
5904	5851
11322	11328
12520	12538
8041	6635
9376	8711
2968	2991
3397	3408
7516	7533
5840	5872
9077	9242
3213	3214
12520	12525
2097	2110
8425	8612
12151	6171
2767	2788
8501	8721
5152	5240
8595	8617
11837	12159
6006	5902
328	1023
1202	1207
3936	3943
4160	4129
12376	12386
8882	9389
2416	2557
8637	8630
6709	6811
10895	10707
1268	1273
6663	6683
13043	13114
170	171
8442	8724
5376	5388
8058	8064
7249	7250
10731	10843
8734	8890
6171	6175
11382	11392
1418	1423
7514	7602
5143	5153
10339	10342
6501	6508
115	122
8956	8963
8747	9102
11941	11949
6576	6596
5986	6485
11544	9367
4524	4661
4872	4972
8637	8624
9101	8822
10486	10487
7688	7758
12743	12753
308	326
3706	3719
7065	7084
2403	2402
5975	6370
5819	5821
11391	11436
6979	1326
6280	6279
5978	6406
12870	12874
9003	9055
12761	12779
1782	1791
11792	7542
10496	10634
10315	10318
6190	6208
1	16
1911	2298
10897	10877
8911	8912
10090	8615
12633	12647
8900	8431
919	1031
8526	8467
8860	9325
12998	13000
874	881
9556	9425
7249	7271
2399	2400
5838	5860
8907	8691
2969	2966
1671	1687
1439	1448
3234	6986
5460	5461
6165	12210
5385	5390
6981	331
13038	13043
7346	7348
7366	7382
7156	7183
4873	5017
6103	6105
93	7399
3852	3857
7246	7247
5367	5175
5666	6105
10132	10111
5982	6446
13039	13104
7926	7918
2118	2119
5574	5661
5383	5386
7686	7744
6006	6018
1730	1655
722	904
8049	8064
9965	8644
9424	9510
7694	7752
7251	7285
8423	8449
7923	7928
8051	8120
107	109
4545	4564
333	340
562	567
11843	11847
3326	5172
1628	1636
8872	8467
9806	9820
5982	6439
10347	10361
5367	5385
3224	3338
6280	6296
3606	3609
4091	4089
1628	1646
11619	11621
8065	8102
7694	7751
6632	6661
5785	5804
10922	11116
8626	8640
4418	4450
10483	11611
553	562
6710	6720
12149	5582
329	320
4030	4041
4230	4323
2767	2793
2648	2662
8057	8100
5364	5473
1278	1268
3217	3218
8382	8386
6158	6070
2496	2511
11697	11705
9556	9558
10342	10417
8882	9385
2334	2346
8897	9659
562	515
113	153
9420	9451
10340	10343
10497	10492
10361	10408
4949	4969
7925	7928
8434	8431
8054	8145
8747	8569
12458	12577
2425	2463
8052	8059
11482	11495
9099	8462
8626	8629
9379	8724
6001	5994
4351	4128
648	675
64	81
8047	8063
9535	9543
9965	8651
2757	2774
8875	8507
10734	10732
8899	8860
485	484
9074	9112
10254	10263
3033	3032
6979	12936
10456	4094
8425	8466
1565	1569
6720	6707
115	125
6494	6509
556	536
7263	7328
2564	2577
9850	9917
10708	10710
11943	11951
9422	9480
4208	4227
8627	8646
7514	7608
536	541
1077	1100
108	263
6663	6668
5703	5699
7263	7327
8860	9324
12477	12496
11837	12170
7814	7897
9010	9797
9003	9072
8052	8073
4273	4287
10493	10596
6167	6173
2355	2076
9834	9835
8628	8625
1930	1943
5594	5923
4126	4142
8464	9648
5904	5905
9119	9081
9074	8998
4046	4062
3227	7015
2754	2758
8519	8522
5846	5896
6099	5589
3033	3126
13043	13107
5889	12185
8873	9730
8904	8453
8878	9402
2964	2971
5701	5766
4566	4517
7692	7753
5969	5986
8735	8724
10275	10280
11941	11948
2758	2808
8167	8172
3321	6919
12257	12274
5900	5901
10486	10484
7160	7224
9089	8819
12458	12582
1344	1333
13046	6915
5967	6225
13017	13024
7448	7452
9384	8498
4593	4612
8082	8045
10498	10655
9838	9893
7691	7720
7492	7496
12355	12367
9891	9922
1869	1873
7948	7993
2102	2113
4888	4905
3181	3184
8041	6914
10497	10482
9098	8877
7920	7918
557	537
4676	4515
7346	7357
5806	5808
8433	8476
8209	8216
9406	8910
7492	7501
12780	981
11954	11957
8501	8722
4716	4744
10493	10609
9845	9940
6175	6178
874	893
6279	6302
2771	2767
557	517
482	475
1332	1348
6020	6048
11697	1098
5980	6417
9556	9560
10345	10451
2963	2966
7159	7196
8910	10055
1079	1112
10143	10164
4097	11233
1160	1171
935	948
10343	10393
5852	5662
2399	2404
10916	11023
12796	12808
5819	5824
6714	6708
13039	13087
10254	10256
64	70
5147	5145
7947	7952
6001	5970
4465	4479
3033	3133
11382	11383
11580	11588
3706	3716
563	560
2956	2967
11950	12072
8881	9394
1857	1867
8724	8732
5870	11843
6101	5684
3230	6899
266	122
1782	1794
5506	5567
11634	11640
8620	8425
4618	4630
8517	8881
9119	9233
8432	8569
9896	9992
4487	4500
8516	8517
5571	11895
7694	7760
9121	9185
11900	11908
11792	11802
10912	10962
11950	12065
3873	3876
12236	12240
10922	10969
3790	3797
8725	9755
4229	4161
1807	1820
2018	2022
11224	11236
9615	9616
8440	8588
13040	13060
10731	10844
10916	7850
4085	4090
1991	2008
8693	8706
8979	8716
5378	5387
3969	4005
13040	13056
3356	3374
9010	9796
1460	1477
5957	6250
8881	9388
5386	5383
3339	3224
7427	7433
8363	8407
