218	6216
435	8272
132	5433
973	12635
483	496
267	6729
706	700
1143	1150
42	4754
788	10814
41	4729
974	12647
3385	3389
1014	13010
297	6911
316	6990
371	261
315	310
544	9113
446	449
523	8721
846	863
186	198
39	4714
841	11196
508	8750
908	11968
905	903
201	5988
866	11560
845	11391
589	590
1991	2008
340	7260
3818	3828
727	10345
1934	1951
497	489
915	12042
561	426
657	662
863	11493
502	8699
997	12920
79	4974
128	5352
2037	2042
197	190
2271	2285
610	9733
3754	3769
10	4398
995	12915
267	6730
831	11160
1572	1592
523	8745
704	10196
936	12293
2012	2021
710	700
659	661
4	15
184	189
521	8734
468	473
4023	4039
121	132
200	197
806	11008
395	372
641	9844
3323	3338
267	6725
105	5234
1738	1758
349	7380
121	127
2559	2567
448	452
1458	1470
514	8780
726	717
809	11011
650	9915
1009	12978
185	187
109	5242
91	94
256	6592
700	694
673	10024
472	8570
637	7622
601	9656
184	203
301	1485
2572	2586
783	801
76	65
281	285
731	10374
303	312
884	11658
495	489
664	661
458	8490
364	7558
604	605
443	452
668	10027
529	8899
825	845
126	5372
827	11117
219	6224
766	10583
93	5066
696	698
478	465
259	6605
466	482
3968	3987
4045	4057
282	297
926	12154
790	10872
218	6219
427	8173
542	9078
688	10145
957	12494
293	284
460	8512
3344	3361
605	609
3029	3046
4314	4318
2455	2465
60	4831
757	10529
696	705
1262	1276
546	552
42	4745
227	6336
915	12044
501	8678
839	11296
844	11380
667	10022
49	742
616	634
84	76
292	284
882	884
776	10714
459	405
457	8465
913	12018
672	10031
929	12165
3947	3967
281	287
138	5364
412	8011
206	207
704	694
244	6515
240	233
794	787
823	11086
126	5369
845	11384
730	729
364	7567
804	819
3050	3051
341	7279
982	985
884	11649
225	219
679	10093
525	529
918	12076
527	541
469	463
756	765
396	7825
783	788
227	6320
733	10415
1955	1968
823	2034
457	8461
80	4993
524	8730
45	4782
881	11616
394	409
899	11871
549	6735
825	837
748	750
621	9754
361	7524
477	473
77	4931
2538	2553
1024	1028
648	656
662	10021
509	8755
368	7595
312	6973
47	4786
506	508
581	9476
790	10868
2078	2093
536	8974
187	188
677	10016
3302	3319
3520	3537
728	10361
4045	4064
710	708
595	9594
222	6259
697	10201
520	8842
381	7770
99	5143
204	5986
296	282
924	939
804	809
381	7764
951	12421
493	498
543	9082
315	313
1934	1949
964	12576
934	12258
129	5406
903	918
759	766
724	715
190	6005
219	6052
618	9749
378	7721
788	789
570	571
410	414
2987	2991
893	11788
525	542
8	4381
546	562
63	1497
3107	3108
507	8730
605	9669
1143	1163
210	6070
758	10548
192	198
188	5989
769	10610
2353	2362
743	4779
816	11057
192	6013
394	7855
806	1617
778	10731
451	446
654	9966
203	6036
817	809
231	6384
184	198
511	8768
410	420
748	756
3191	3211
158	5736
979	12691
887	11691
423	8103
25	4596
701	707
399	396
585	9506
532	8924
3562	3565
553	9240
999	12935
518	8819
2726	2734
496	495
563	9379
772	10643
4023	4034
207	6059
767	747
712	10277
302	316
848	11428
61	1497
859	850
574	9405
259	6615
938	12317
376	6749
121	131
336	7188
959	12511
1318	1330
4271	4280
4227	4237
664	668
772	10648
908	909
556	9275
4248	4261
99	5137
412	8014
776	10716
3647	3648
394	7861
224	6055
2037	2048
1010	13003
312	306
764	10512
659	669
911	12004
348	7363
210	6100
461	8542
404	7908
3990	3999
290	6891
94	103
151	5654
96	5100
856	11480
210	6108
360	7505
625	9749
189	197
356	7447
555	6809
196	189
768	777
229	6378
835	11164
652	9945
573	9432
288	6887
4	11
951	12420
987	12807
904	911
187	204
916	12055
609	9716
333	7141
381	7767
138	5514
485	8653
839	11288
2153	2166
143	159
328	7042
2392	2409
973	12632
133	138
16	4493
728	726
4207	4218
1122	1125
3732	3749
736	10444
149	5609
831	11167
39	4711
97	5110
677	10030
572	9422
688	10147
605	443
468	467
515	509
25	4593
323	343
829	825
553	9236
538	9011
103	5202
11	4425
526	542
153	5688
2882	2902
2353	2363
493	489
932	12214
1858	1871
245	6535
48	60
4171	4185
1437	1453
2120	44
228	6357
3107	3116
1143	1145
964	12566
192	200
200	196
852	11458
366	7592
1005	1007
710	706
926	12152
3071	3080
19	12
53	56
745	10493
731	10377
541	9049
3754	3774
504	521
972	12615
688	10148
221	6250
636	640
2726	2728
3668	3677
2603	2613
1458	1476
2861	2874
1220	1233
649	645
359	7491
585	9496
138	5516
79	4982
1479	1487
896	11820
512	514
2250	2258
227	6337
3711	3716
103	5194
3302	3303
704	10193
399	373
76	4837
146	5560
731	10372
973	12588
109	5278
998	12916
3191	3207
1220	1227
623	616
1651	1658
409	418
291	298
324	325
905	11933
517	514
647	9887
882	887
407	7961
413	8031
657	672
9	5
71	64
438	8299
78	4950
954	12465
488	499
37	4677
743	10487
1066	1070
2413	2427
923	11950
972	12622
899	11872
136	133
144	5546
590	9547
437	8293
47	1499
441	8315
903	921
175	5884
400	406
157	5588
3212	3216
567	585
524	8745
3926	3928
87	105
708	10244
988	12835
2861	2870
3008	3018
701	10193
296	288
174	5880
216	6186
695	710
1437	1446
242	6465
727	10326
86	93
169	5803
945	960
634	616
796	10933
998	12917
746	10481
289	370
552	9210
303	306
831	11169
1262	1279
694	711
3947	3954
68	4861
4128	4137
519	8727
816	7477
106	108
597	590
367	284
643	9868
853	863
809	11020
611	9744
521	8842
887	11685
597	592
633	625
262	6644
347	7336
2120	2131
824	1619
439	8309
964	12562
3862	3876
203	6035
426	8110
530	532
884	11647
124	138
443	445
619	631
988	12837
681	10124
170	5824
3776	3786
663	10070
897	11846
279	6856
525	535
4271	4290
726	722
558	9321
727	10346
80	4996
2945	2953
723	10335
549	9164
56	1496
397	7887
429	8204
163	175
964	12575
397	371
1628	1697
855	851
388	377
594	9589
312	6968
2392	2393
20	4551
648	643
730	720
195	6003
658	10007
815	11052
641	6660
1816	1831
222	6260
772	10642
424	8128
672	10030
200	5988
814	11047
151	5659
762	754
175	5890
131	130
365	7581
365	7590
1318	1332
214	6160
20	4541
126	5373
179	5939
712	10273
460	8519
2371	2380
242	6471
1816	1821
3457	3469
452	7884
462	464
1651	1657
464	8563
3626	3635
813	11000
154	5700
568	9416
3520	3530
406	7900
531	8919
132	5445
334	7150
1761	1764
837	11247
11	4418
624	9748
441	7909
859	11505
3406	3410
873	11572
883	11627
1010	12994
529	8895
132	5436
924	940
109	5248
727	10325
380	6638
3884	3891
191	198
221	6256
478	8592
307	309
749	750
787	10834
563	9372
603	605
1530	1539
452	7955
188	194
265	6699
1087	1099
437	8287
62	1508
476	474
462	467
540	9037
343	7290
856	11481
1010	12993
405	7938
3711	3725
706	698
341	7271
1010	1003
1143	1154
946	965
87	85
473	8566
767	10515
282	285
951	12414
5	16
118	5345
951	12418
592	9538
588	9520
964	12567
219	6229
368	1482
378	7728
473	8561
897	11832
980	12714
945	952
620	630
490	498
3604	3606
726	10329
582	9482
1220	1234
482	8564
447	451
896	11815
618	629
225	6315
765	748
367	297
387	7840
512	8771
146	5553
3818	3832
660	10023
193	6009
274	6792
4023	4042
733	10409
4011	1870
3668	3670
224	6303
20	4544
166	5793
968	12580
39	4718
666	10021
2	1
899	11759
219	6223
887	11696
377	7710
663	10063
375	6617
666	10031
3385	3404
459	8501
781	10777
675	10028
520	8832
4045	4052
486	495
750	755
435	8271
735	10428
1614	813
930	938
108	5261
719	10302
696	10196
600	9631
587	594
80	4992
1273	2333
64	75
823	11088
1593	1602
1087	1098
843	11356
328	342
3776	3792
127	5384
2120	742
538	9010
2193	2203
198	6005
362	7546
41	4726
2153	2170
371	373
827	11112
524	8863
889	11717
271	6758
659	662
2903	2917
981	12729
3711	3715
504	524
130	5412
489	493
57	736
1087	1103
472	464
152	5664
4128	4131
2312	2330
433	8244
929	12171
932	12218
726	10340
556	9281
199	5996
359	7483
847	860
285	6873
517	520
27	4636
603	610
77	4945
856	11488
531	8907
887	11680
274	6793
281	289
3499	3509
490	487
1024	1038
85	100
775	10705
74	4894
1338	1341
463	8558
453	8382
586	9435
621	9765
541	9047
846	856
1005	1011
3282	3291
368	286
4086	4104
237	6404
497	492
339	7234
783	789
3323	3337
377	7707
558	9317
516	8715
13	4463
322	7035
666	10030
3364	3365
1934	1944
275	6809
438	8136
712	10267
188	5990
909	11981
271	6755
2676	2678
629	9775
408	7923
263	6653
9	4355
885	11671
913	923
530	544
3604	3605
1185	1201
124	130
338	7219
22	33
1633	1715
220	6240
976	12577
1593	1613
849	855
2768	2787
857	11491
391	392
466	481
2078	2088
2924	2932
384	6619
313	6957
705	704
139	5373
80	4989
604	606
169	5809
575	579
568	575
550	9186
557	275
4107	4123
84	5007
712	10268
374	400
826	11108
857	11471
715	719
112	5242
560	9345
641	6616
128	5392
772	10644
573	576
264	6671
743	10489
787	10800
496	493
150	5637
154	5698
3212	3221
598	9626
921	9253
718	735
494	483
3170	3185
734	724
941	12357
664	665
72	66
907	910
2987	2989
877	11602
608	9701
620	624
428	8182
838	11270
176	5906
246	6552
41	4723
551	9191
68	4865
524	8842
843	11350
3406	3413
1164	1183
4293	4311
3711	3719
208	6069
894	11802
761	751
321	7030
17	4400
624	617
896	11813
563	9264
744	10482
214	6158
349	7378
888	11703
897	11842
188	192
568	9418
2825	2826
489	499
392	411
889	11716
361	7515
4150	4170
395	408
60	4821
156	5719
301	1490
732	10386
672	10018
931	12191
707	700
438	8298
458	8480
791	10887
311	314
811	821
885	11679
635	619
144	5545
707	10194
221	225
177	5921
309	307
386	7817
953	12453
4011	4020
569	572
983	12745
985	12784
1011	1022
38	4691
992	12878
1551	1556
799	10967
455	8429
493	485
433	8245
490	492
557	9293
477	463
2691	2696
372	7628
841	11321
2494	2499
435	8200
859	11508
934	12250
77	4941
473	464
90	5032
674	667
574	9436
702	697
547	9148
113	5306
620	9749
64	81
799	10968
139	5522
1045	1058
775	10690
728	10344
182	5977
268	6743
511	508
249	255
345	7306
211	6117
648	652
1401	1409
461	8535
44	4772
994	12897
643	9861
555	9265
359	7484
554	6656
529	8885
2413	2428
192	191
891	11758
411	8008
2712	2716
506	513
803	794
559	9333
974	973
370	293
50	63
752	767
758	10549
244	6518
482	8568
631	629
2494	1043
2618	2638
483	494
126	5375
841	11318
123	127
443	460
74	4893
342	325
2846	2856
3149	3151
695	697
3818	3827
486	494
396	7874
3541	3551
538	9005
48	57
3841	3846
343	7293
286	301
615	617
2924	2942
345	7300
757	10531
267	407
413	8025
764	10510
2214	2232
3107	3126
271	6762
918	12082
757	10519
648	654
1572	1588
617	631
370	289
48	4773
749	756
2523	2536
708	10240
2172	2178
1220	1232
734	728
913	11955
867	877
641	9841
987	12810
765	761
635	623
827	11115
464	462
701	694
590	9538
643	9862
2353	2368
288	297
882	888
2676	2680
463	8550
247	255
566	567
739	10451
434	8263
82	76
597	9621
303	317
339	7242
7	4365
1273	2352
733	10418
451	457
501	8679
754	753
924	927
524	8723
471	8573
841	11317
3128	3146
732	10385
220	6241
2903	2914
4045	4047
550	9187
298	6907
292	1480
2966	2977
483	501
881	11578
997	12929
985	12791
910	11992
708	10248
262	6643
814	11010
760	10559
409	420
823	813
703	10223
4086	4101
814	11014
293	290
1108	1120
4248	4249
732	10387
501	8690
327	333
123	129
273	6775
412	6797
376	7694
484	8641
56	62
497	502
988	12827
312	6966
220	6237
2292	2295
501	8692
182	5969
795	10917
217	6204
985	993
2945	2957
397	7880
804	824
607	9692
3235	3248
118	5318
366	365
725	731
1530	1548
2882	2894
3841	3842
3647	3658
175	5889
560	9341
1122	1140
163	174
402	391
529	8886
697	10210
4248	4264
2924	2943
999	12934
621	9757
2271	2278
116	4532
691	10178
207	6057
770	10615
667	10021
3968	3972
621	9761
734	729
739	10450
1002	12957
516	4734
153	5674
625	618
367	298
263	6667
20	12
697	10207
5	14
226	239
461	8533
25	4590
291	282
984	12780
1437	1450
85	93
208	6070
197	188
77	4943
320	6974
529	8902
918	908
704	698
391	393
721	10330
2037	2038
972	12630
1672	1677
3541	3544
308	311
576	9452
736	10445
134	126
223	6284
1002	12896
133	5447
121	126
734	717
526	534
164	5768
590	9546
837	11256
578	9461
1003	1022
4248	4257
997	12921
847	11410
204	5990
242	6464
462	471
336	7190
94	5076
1011	1005
343	7069
670	10027
938	12316
2057	2064
89	5023
720	735
192	204
673	10035
532	8931
149	5621
552	9215
309	310
2413	2429
625	9747
573	9420
758	10546
2810	2813
632	633
3406	3411
220	6246
92	5063
159	5750
41	4736
1001	997
592	588
34	4668
58	4789
179	5930
862	11519
561	9360
2078	2090
2494	2502
544	9117
124	136
561	9359
164	5779
2099	2109
2676	2686
2538	2545
588	9515
462	481
736	10456
469	475
946	951
147	143
528	8880
2292	2311
738	10459
231	6388
916	12061
856	11477
538	2710
532	8925
666	10015
1970	1971
271	6756
257	6577
362	7551
355	7432
2712	2715
328	334
723	725
362	7538
149	5616
197	5986
893	11780
825	838
722	725
470	477
282	366
662	10056
77	4930
121	139
740	744
758	10550
2271	2291
87	97
560	9166
573	9421
1437	1442
63	1507
84	73
604	613
830	11125
144	5548
282	284
446	443
549	9168
857	11409
789	10853
483	493
380	7757
902	11902
1837	1844
346	7325
593	599
461	8527
304	307
1625	1626
995	12913
3604	3613
192	5987
331	7090
667	10028
987	12812
552	9211
213	6147
321	6980
706	704
4023	4026
820	816
855	854
2494	2506
675	10021
2712	2714
78	4953
758	10541
1005	1004
568	571
259	254
621	9762
416	8069
156	5726
443	457
304	315
216	6140
303	322
337	7203
214	6165
761	755
150	5629
503	502
934	12243
357	7468
2691	2693
511	504
921	12113
667	10027
1185	1198
773	10654
401	602
157	156
979	12703
1509	1516
490	503
706	695
7	4362
229	6360
834	11193
972	978
487	500
469	8570
978	12685
499	487
992	12869
593	9576
975	12654
984	12777
2120	2129
407	7969
729	718
3732	3746
566	584
710	701
1551	1569
342	341
605	9670
43	53
299	288
785	10799
532	8930
93	5014
265	6701
92	89
738	10464
920	12007
973	12638
1870	2488
195	194
796	784
334	7149
498	491
851	11437
739	10453
3235	3251
991	12843
694	698
499	483
369	7606
2789	2807
257	6583
20	4542
4192	4090
214	6161
493	492
186	201
663	10064
849	865
995	12912
677	10015
92	5052
554	9160
705	700
908	919
389	7733
1699	1683
211	6049
473	8562
526	539
999	998
399	406
841	11322
527	526
714	10284
797	10952
275	6815
1934	1953
726	10339
453	8387
571	9417
443	456
3344	3360
908	11969
716	718
1738	1753
864	11551
471	8574
2861	2876
461	8534
823	11084
790	10861
226	241
106	116
2861	2872
913	12014
408	7972
626	617
839	11294
837	11263
49	59
3968	3982
764	10515
296	367
448	460
450	8341
964	12572
606	9672
3029	3030
64	70
620	616
182	5981
13	4452
818	11028
620	9747
650	9913
708	10242
920	12093
1283	1301
792	10899
505	8717
826	11111
2987	3007
620	619
798	10962
580	9474
623	618
301	1487
742	57
698	700
755	10515
740	746
519	8765
1991	2009
3302	3322
3884	3902
69	78
144	5554
462	463
77	4932
3797	3817
488	489
51	58
3029	3032
928	926
14	20
1898	1907
864	11547
79	4975
766	4530
97	5111
1241	1260
963	12553
922	11953
460	8509
426	8161
429	8200
883	11637
654	9964
305	306
289	286
488	500
152	5670
484	8633
681	10122
967	968
2572	2580
213	6151
3862	3864
7	4368
384	381
789	10799
574	9412
245	6523
928	12162
1283	1288
273	6774
747	764
48	52
643	9871
591	9562
282	6860
577	9454
176	5902
859	11504
379	7737
676	677
722	727
637	9802
2271	2282
10	4406
666	10028
1	10
213	6038
225	6224
453	8381
821	823
590	9548
913	12023
847	11408
205	206
702	707
157	5731
264	6679
202	6029
2413	2417
148	5601
321	7033
655	9976
497	496
127	130
939	12328
26	4602
2153	2162
3968	3976
626	9747
3191	3197
228	6345
786	10824
5	4360
715	725
541	9051
982	989
500	497
567	9408
1738	1748
142	154
661	10035
469	465
657	660
553	9241
753	750
802	10984
4	21
893	11776
2271	2280
604	610
224	6292
243	6479
604	602
3212	3229
59	4789
130	5408
603	260
3323	3333
979	12705
2572	2574
2250	2257
154	5555
1991	1993
177	5922
797	10950
388	7646
925	12137
595	9596
400	7899
1633	1718
4248	4259
932	12204
250	258
588	9516
506	511
21	4556
22	24
1008	1012
647	6829
767	764
451	456
1007	12982
89	5016
60	4824
2945	2959
155	5714
309	315
218	6209
668	10031
1699	1677
485	8647
9	17
816	11058
3541	3561
960	12529
745	10495
486	491
607	9691
164	5762
1001	12951
756	761
567	9405
954	12471
2153	2161
140	5372
734	715
727	726
1816	1835
380	7750
4271	4288
3170	3181
1283	1285
296	285
776	10727
81	4963
76	4920
303	314
847	853
444	8342
336	7191
765	752
4171	4183
580	9434
1422	1432
367	301
3302	3321
3170	3190
583	9414
765	749
121	140
4171	4173
551	9200
100	5151
331	7101
2747	2758
542	9072
46	50
75	4918
931	12192
976	12674
602	372
383	7687
45	48
193	199
298	6915
532	533
1625	1632
4086	4088
131	5371
361	7531
156	5625
822	811
925	12130
284	283
913	12022
226	230
414	8045
624	629
331	7084
626	619
500	486
2825	2827
39	4720
938	12306
970	12614
581	9428
776	10710
924	932
953	12454
887	886
988	12830
841	11315
783	803
379	7732
394	7857
788	799
1780	1797
2250	2266
652	9949
346	7320
424	422
378	7727
447	421
429	8196
1628	1728
320	7022
395	397
2538	2540
50	1504
364	7565
461	8529
453	8388
735	10436
804	820
97	5113
388	375
315	308
736	10443
2312	2320
427	8168
972	12624
2012	2032
3562	3575
520	8834
2250	2253
921	12115
744	58
547	9134
1633	1711
759	754
466	463
226	244
439	8308
677	10022
853	856
641	637
262	6650
928	12157
836	11229
90	94
920	12091
1551	1564
814	11045
276	6831
688	10149
863	11494
979	12702
314	6976
186	193
134	5468
346	7332
964	12559
427	8174
264	6684
54	4801
43	48
184	185
130	5411
569	573
3170	3182
166	5797
1024	1042
864	11557
89	5025
669	10030
458	8484
526	543
577	9449
180	5964
193	187
579	9437
74	4889
319	7013
223	6038
555	9260
394	7859
2726	2727
320	311
389	7745
364	7562
790	10821
691	10177
702	700
820	11074
175	5883
406	7946
642	9855
852	11457
790	10862
106	118
899	11880
336	7195
22	39
396	7872
620	621
621	9768
481	469
2371	2377
952	12423
156	5633
96	5096
502	3295
706	699
2250	2261
576	9408
395	398
306	6952
336	7194
276	6845
375	7673
2588	2598
607	9690
2172	2188
2434	2435
434	8251
809	812
579	9466
763	10572
282	293
3414	3425
951	12419
699	703
845	11383
511	8760
780	10748
631	632
1108	1111
3947	3966
389	7732
153	5690
528	8872
98	5129
873	11581
572	9421
725	715
113	5310
352	7403
465	467
992	12868
310	6950
519	8768
149	5606
1014	13016
78	4957
179	5935
443	448
615	620
981	12738
867	873
821	11028
2572	2578
336	7186
54	4796
1437	1449
314	322
3968	3984
397	7890
1614	810
39	4707
579	9448
964	12565
273	6782
896	11824
922	904
1380	1386
859	854
3541	3546
830	11150
918	12080
330	7081
515	8775
712	10272
346	7328
637	9811
373	425
294	1483
2654	2659
2078	2081
15	4474
141	5519
561	9365
187	195
86	97
204	199
376	7698
839	11292
675	10025
734	725
514	8797
465	8562
964	12560
319	7020
4128	4134
618	620
439	8307
669	10021
1122	1138
570	573
618	624
1879	1885
116	5323
335	7171
346	7315
3797	3802
26	4598
1304	1306
581	9477
106	120
3776	3778
626	623
514	8793
1143	1162
408	7982
968	12591
4150	4164
3754	3766
744	4819
2099	2112
471	8579
922	12121
792	10897
369	7604
3990	3992
631	625
933	12226
271	6759
618	9747
50	1503
2825	2831
595	9593
767	10512
836	11230
259	6578
77	4929
842	11329
262	6646
885	11672
881	11621
66	4838
818	11068
383	7782
335	7174
700	707
125	5360
939	12321
2789	2794
226	243
339	7225
121	122
85	88
974	12585
921	12107
204	6012
202	5996
1359	1379
493	488
848	852
427	8175
786	10818
583	9464
2099	2101
677	10017
3191	3209
550	9190
348	7360
1699	1700
84	4892
315	6984
1780	1793
837	11255
340	7255
370	7619
1934	1952
691	10191
911	12000
691	10184
371	386
717	10315
81	5003
889	11732
757	10533
856	11473
838	11285
606	274
731	10368
225	6313
405	7550
953	12444
241	6452
621	9756
609	9717
631	630
205	209
3457	3462
960	12523
285	1487
579	567
3797	3798
507	8728
592	597
265	6706
617	620
134	5464
190	5994
756	753
960	12537
496	489
3071	3079
707	697
540	9026
2882	2883
139	5523
512	520
851	11443
1572	1585
1014	13026
66	4859
1205	1210
623	625
996	12917
960	12531
877	11599
3905	3915
362	7545
628	633
19	4540
518	8825
266	6715
118	5249
652	9956
745	10509
241	6445
129	5402
754	750
293	288
710	699
809	11013
3	8
486	485
73	4886
1311	1317
4336	4340
1955	1967
422	433
848	11418
2312	2325
964	12564
834	11204
437	8280
828	835
2012	2029
1024	1033
59	63
819	11046
122	136
177	5924
196	200
170	5822
609	9711
734	727
633	622
365	7579
262	267
1636	1646
537	8991
829	11098
37	4682
733	10410
342	7043
765	10515
727	10333
196	6004
430	8217
246	6557
934	12248
793	10901
916	12054
151	5648
452	8376
263	6662
100	5158
516	8808
1401	1407
745	10506
152	5555
4248	4263
701	700
429	8199
2861	2865
3626	3634
401	7911
39	4706
764	748
951	12411
596	9609
470	467
98	5133
741	60
2434	2438
1000	12917
3754	3762
991	12846
911	12001
926	940
720	722
3583	3603
1205	1208
3323	3335
941	12355
596	9606
3968	3971
526	540
769	10609
140	5521
449	8342
9	13
3711	3723
301	288
602	611
608	9705
796	10943
981	976
840	11125
450	452
38	4693
541	9043
814	7477
1024	1034
859	11503
389	379
245	6531
72	75
866	11569
89	5029
606	9679
458	8483
3	6
2789	2790
806	11000
1401	1411
127	5386
187	5992
143	149
735	10432
43	54
55	4780
599	597
914	12027
703	10230
659	664
220	6244
884	11644
266	6713
449	454
110	5282
834	11198
580	9453
3541	3554
3776	3789
300	6932
652	9954
368	7597
942	12379
976	12672
983	12759
3754	3767
47	4774
728	10343
601	9645
940	12343
216	6178
383	7794
622	633
456	8450
2882	2884
369	7610
3071	3075
738	10467
3302	3307
525	527
1837	1841
52	4782
3364	3383
2945	2951
922	11928
770	10630
77	4936
917	12063
506	514
4086	4090
51	2130
678	689
439	8142
620	629
3050	3063
3128	3148
288	290
702	701
133	5453
861	11516
536	8986
435	437
560	9348
4086	4094
195	6005
77	4928
69	4880
605	372
213	6058
907	11953
698	695
404	392
461	8546
115	5316
356	7436
635	634
730	715
739	10447
844	11371
804	816
588	9518
71	75
1673	1677
551	9206
968	12586
630	9787
923	12124
3776	3796
2639	2640
788	10846
590	9540
903	908
224	6306
647	9884
373	7641
2861	2873
499	498
1530	1534
402	7923
1732	1678
439	8310
553	9242
836	11227
1879	697
152	5584
193	195
3499	3512
136	5369
274	6794
74	73
736	10454
980	12718
117	5239
781	10776
608	9707
553	9230
2747	2752
633	9747
567	9412
74	4837
401	7905
997	1000
360	7511
4314	4316
769	10593
308	313
273	6785
78	4952
3235	3253
888	11714
4248	4250
110	5250
2392	2407
349	7382
310	6948
61	50
430	8216
1164	1182
848	11417
416	6648
179	5933
960	12528
558	9161
975	12659
565	9400
775	10698
882	891
4150	4158
4171	4184
129	5403
2924	2928
174	5875
191	195
829	11125
677	10018
47	46
455	8426
1220	1228
1338	1347
556	9278
331	7083
497	484
346	7322
195	188
3128	3134
460	8511
707	711
367	293
426	8154
504	511
190	191
600	9634
541	9055
72	65
908	11962
4065	4072
826	829
142	145
991	12840
636	638
406	7951
3	14
264	6678
195	189
3884	3889
288	6883
852	11460
503	495
212	6137
458	8487
740	745
945	964
702	706
746	4784
839	11291
395	373
187	191
569	571
742	10481
22	27
823	11052
1458	1468
163	181
1185	1197
509	8724
218	6218
486	496
361	7519
349	7384
132	5432
348	7370
285	6879
288	281
517	8777
101	5176
812	11035
704	696
802	10985
822	11078
560	549
218	6213
714	10291
1010	12989
745	10499
911	904
17	4509
597	9534
116	5324
607	9689
1024	1030
2747	2751
301	1482
216	6185
587	588
2434	2449
149	5605
2810	2820
3668	3673
387	7826
710	10193
330	7076
1509	1515
22	40
253	6565
484	8632
508	8721
2033	823
3050	3057
585	9500
786	10803
840	11300
628	9747
102	5183
217	6192
352	7404
938	12314
587	590
456	8447
728	10357
393	372
487	484
17	4502
840	11307
921	12108
212	6131
887	11695
789	10857
140	5524
6	8
735	10425
813	11032
464	8568
765	767
154	5701
3435	3444
341	7265
310	305
959	12501
470	462
223	6279
656	9994
769	10607
2603	2604
972	12625
609	9718
496	488
559	9332
490	489
640	7772
764	755
897	11829
391	408
432	8227
621	9767
787	10836
2214	2224
762	749
2987	3005
843	827
984	12761
893	11792
820	11072
597	9615
831	829
2057	2074
608	9703
260	262
543	9099
583	9467
237	6412
86	100
957	12480
987	12819
833	11187
249	257
762	758
262	6649
847	11404
997	12927
498	492
1858	1869
486	492
478	8600
286	284
866	11544
601	9643
228	6340
14	16
293	6888
834	11199
4271	4279
412	443
174	5865
974	12579
300	6941
678	680
660	10031
54	60
996	1001
491	8672
916	12056
3282	3289
2172	2177
968	974
72	4882
1011	12982
226	235
447	448
341	7278
726	730
249	247
673	10076
2413	2421
846	862
3520	3539
706	705
478	8598
404	398
10	4407
859	11426
214	6173
48	4775
676	10077
229	6377
704	702
778	10730
115	5320
195	196
927	942
202	5987
325	330
115	5240
63	1503
223	6113
3128	3144
3818	3821
897	11833
918	919
755	752
960	12522
629	615
464	465
494	497
1004	12972
731	10369
4171	4181
449	446
994	12886
561	6833
2078	2091
910	911
3008	3013
1338	1342
688	10141
465	462
455	8427
3302	3313
678	642
795	785
301	282
1185	1188
2726	2732
2132	2139
834	11207
203	6034
395	394
459	8505
110	5248
267	279
888	11702
144	5540
103	5190
3029	3042
260	280
448	456
499	500
552	9221
1380	1392
4065	4081
998	996
1045	1063
76	4921
502	8710
565	9394
544	9116
395	403
795	10799
410	7534
329	7062
65	4845
786	10812
775	10696
1593	1608
913	12021
1002	12966
3261	3262
700	710
730	727
953	12450
939	12326
297	6912
838	11272
927	12152
968	12579
985	12797
625	631
46	1499
814	11043
90	5034
265	6690
591	9566
286	368
574	9437
975	12658
761	10513
752	763
1761	1762
3884	3904
516	8804
204	6004
285	6867
597	9515
897	11835
882	892
608	9712
640	7766
151	5643
4336	4347
970	12602
343	7289
413	8030
3457	3464
637	9813
1273	2339
615	625
589	9532
116	5325
849	861
421	443
246	6553
502	8711
373	7649
3	5
450	460
205	223
211	6129
122	123
463	8551
757	10538
596	9608
428	8190
778	10741
968	12583
3754	3758
911	11998
745	10508
757	10532
992	12875
56	1506
558	9320
830	11145
651	9926
2768	2776
51	4779
615	635
809	821
244	6514
507	8726
1001	996
594	598
66	4849
719	724
3797	3805
883	11625
996	12921
815	2034
3604	3617
1673	1674
341	7272
912	920
289	366
967	978
256	6593
41	4734
891	11767
126	140
679	10103
3235	3247
344	363
134	5462
2132	2150
537	8995
976	12670
821	813
716	10302
725	717
4128	4138
184	194
345	7305
893	11777
1164	1181
579	573
203	5993
4045	4056
3905	3925
312	6967
4227	4244
4065	4069
266	6720
379	7744
441	7907
105	5235
128	5393
159	5761
344	350
434	8262
56	1501
407	7955
595	587
863	11477
528	8877
958	12408
1024	1043
211	6038
978	12579
189	5997
658	10000
211	6124
423	8112
1934	1943
381	7778
901	11892
975	12667
147	5571
99	5135
1970	1983
3947	3958
912	908
3071	3082
128	5357
154	5588
660	10019
524	505
4045	4048
592	596
885	11666
445	8352
664	674
980	12720
925	12127
617	9747
104	5205
534	8964
836	11235
3050	3064
45	1500
1338	1340
102	5072
577	9456
666	10019
455	180
471	8580
999	12936
428	8181
2538	2554
620	626
839	11289
220	6236
19	4524
2292	1043
16	4496
624	634
833	11179
10	4403
325	324
518	8809
828	840
787	10828
911	922
2945	2956
3261	3273
7	4370
115	5303
630	9772
578	9457
286	367
370	281
473	469
998	12924
3457	3473
968	12582
556	9276
917	12069
528	525
396	7878
2559	2562
2392	2408
2037	2045
457	8473
105	5232
812	11033
226	246
578	9430
899	11873
559	9336
710	10217
465	471
1318	1322
592	601
463	8553
670	10019
563	9164
1002	12959
26	4607
301	283
3711	3717
300	6923
26	4608
182	5968
372	7626
355	7434
291	292
134	5469
222	6273
555	9263
601	9644
762	10559
540	9038
4045	4059
828	830
789	786
758	10551
447	450
364	7554
4150	4157
3435	3446
3797	3804
144	5542
809	816
1970	1989
282	281
411	7995
885	11676
3170	3187
77	4947
288	6882
3626	3632
843	11351
608	9710
929	12166
387	7825
501	8682
345	7295
253	247
688	10146
456	8436
391	405
1	5
670	10023
3626	3633
188	5988
55	1500
310	6949
76	84
113	5307
389	265
348	7362
3086	3091
255	259
123	139
176	5840
600	9570
475	462
275	6817
4107	4112
59	52
4086	4096
4	2
585	9504
3435	3447
307	308
1185	1193
3990	4003
380	7756
341	7268
78	4948
3541	3550
492	500
762	750
150	5626
761	750
816	813
744	737
859	11497
4065	4083
391	404
457	8469
572	9432
1220	1225
809	11016
3797	3808
654	9932
454	8406
604	372
199	5997
188	191
3414	3427
303	310
423	8114
630	9779
2508	2509
455	8421
677	10032
423	8116
827	11098
491	8674
1572	1574
252	257
526	533
662	10052
2726	2739
603	386
831	11154
1913	1922
679	10095
3212	3225
414	8048
458	8066
313	309
366	1480
1338	1352
451	455
558	9313
802	10981
770	10622
82	83
1422	1428
1108	1119
807	11000
315	307
3499	3502
467	464
2538	2544
6	13
221	6252
3754	3771
1009	1005
914	12037
188	187
1816	1832
753	748
1004	12971
719	732
297	6910
809	11015
2523	2526
483	489
496	498
450	454
1621	1633
2271	2273
723	10301
51	56
724	735
592	589
406	7948
718	719
297	6913
375	7677
896	11704
698	10195
3990	4001
17	10
736	10447
371	380
3583	3598
745	10498
308	6950
514	8795
219	6225
935	12262
754	759
718	725
829	11133
336	7184
931	12188
393	399
179	5945
368	1487
4336	4341
866	11554
191	188
518	8817
704	711
465	8560
538	9012
861	11497
102	5184
780	10765
606	409
2434	2439
135	5484
743	4783
369	7605
276	6841
560	9349
825	832
3990	4008
3478	3498
176	5822
2846	2857
1185	1187
100	5150
1614	1616
572	577
559	9334
960	12518
328	7039
57	4807
115	5284
998	12933
607	9697
787	10835
112	5303
588	592
289	301
936	12283
475	464
566	569
831	11153
515	8768
534	8965
87	94
938	12318
933	12238
930	942
139	5418
328	323
761	764
714	10285
132	5439
776	10718
340	7245
529	8887
101	5168
339	7226
264	6674
605	371
209	6085
707	696
298	6903
185	199
2618	2629
193	201
1738	1760
298	6919
1816	1823
934	12252
323	329
3905	3909
458	8482
1625	1635
3235	3252
15	4435
97	5115
749	765
624	9747
708	10257
345	7308
113	4487
910	11986
1970	1987
3499	3504
936	12297
65	4835
675	10016
3884	3893
669	10028
4227	4229
223	6287
1621	1634
573	574
3191	3204
557	9304
260	270
568	580
994	12882
2392	2394
730	734
68	4868
409	266
19	4487
975	12652
3647	3660
3990	4004
247	256
898	11800
1122	1134
554	9246
681	10116
124	133
281	297
1780	1795
158	5588
877	11596
835	11221
128	5366
792	785
2172	2180
314	310
654	9971
17	4506
600	596
166	5790
691	10179
918	12081
300	6924
487	503
954	12459
678	682
2312	2313
2903	2904
380	7758
45	4781
569	578
3086	3098
726	10332
1024	1027
929	12174
59	4782
767	10511
917	908
984	12764
726	10338
94	5075
405	269
519	8769
115	5254
641	6621
521	8853
216	6126
829	835
453	8397
98	5123
980	968
338	7216
601	9648
914	912
767	10513
981	12730
253	250
2153	2163
547	9144
302	317
776	10725
2494	2503
478	8599
884	11650
3302	3311
848	11420
558	9318
503	8713
626	625
2639	2651
792	10893
733	10407
655	9983
1593	1603
273	6781
1005	1012
262	5483
410	7989
933	12227
20	4543
213	6059
241	6442
399	394
446	447
599	591
592	598
802	10983
863	11538
1000	996
584	9433
500	495
1621	1624
952	12428
543	9084
756	759
905	11935
699	701
422	435
155	5706
4107	4115
811	11009
208	6077
123	141
267	262
1870	2489
240	6432
4	14
338	7210
75	4907
749	761
218	6211
1673	1685
628	634
780	10762
173	5854
158	5737
273	6777
519	8764
475	476
271	6757
952	12435
831	11159
577	9455
480	8606
98	90
785	786
925	12128
84	5010
534	8966
718	716
722	721
259	256
136	135
601	9646
899	11870
139	130
352	7400
3008	3016
938	12304
735	10423
220	6239
48	49
674	660
423	8118
718	722
775	10692
144	5552
173	5844
699	700
578	9432
2434	2440
1262	1270
2987	2993
526	529
265	384
85	104
294	1480
2392	2411
333	7131
180	5950
664	657
866	11564
495	494
4227	4243
554	9247
1898	1902
708	10252
859	861
827	11119
890	11749
423	8105
584	9426
480	8614
595	9595
785	10804
926	12157
563	7741
792	10890
823	810
153	5686
422	426
464	8562
1005	1009
523	524
983	12749
4065	4071
1614	1617
139	5368
38	4692
214	220
973	971
529	8896
311	6960
25	4584
19	4531
163	171
556	9282
774	10672
616	631
503	491
2654	2674
3414	3431
62	1505
602	605
298	6920
845	11386
428	422
2508	2521
147	5580
43	56
1970	1980
527	534
461	8537
2810	2812
1009	1004
996	12918
1858	1870
552	9225
300	6925
1010	12991
942	12387
255	256
43	52
213	207
414	8053
3520	3532
152	5667
560	9343
1004	12968
715	716
492	495
813	11039
1066	1078
998	12931
716	722
636	653
275	6821
775	10708
496	501
929	12163
873	11575
57	4814
834	11197
451	444
585	9503
413	8028
9	14
1858	1876
964	12570
69	76
466	464
194	5994
371	374
1122	1133
1858	1863
3926	3933
938	12300
1458	1462
208	6073
253	6560
409	414
568	569
973	976
507	8737
717	10309
432	8187
48	55
187	200
261	6633
1000	12918
2099	2113
958	12417
745	10503
539	9015
2271	2286
620	631
580	9407
216	6182
186	199
4314	4315
2691	2694
924	943
282	292
754	10517
195	199
1628	1730
542	9062
788	10841
1304	1308
712	10259
587	595
834	11208
767	753
649	655
14	4476
891	11765
446	456
3668	3671
480	8607
907	904
1024	1026
259	6577
100	5162
300	6927
266	6716
359	7479
64	83
429	8206
71	73
55	63
625	620
1437	1447
3711	3728
115	5317
983	12758
451	8341
618	634
2825	2836
721	10331
788	10839
132	5428
357	7467
2654	2673
851	861
1164	1178
515	8771
913	905
666	10016
759	751
469	468
345	7298
1636	1643
549	9163
814	11018
1625	1633
79	4966
3797	3809
681	10121
179	5927
899	11699
360	7508
525	534
413	8040
499	501
2455	2473
125	5365
1913	1933
1014	13024
729	726
1008	1003
1185	1196
392	7851
229	6363
46	49
2618	2627
240	6420
180	5946
939	12338
3170	3171
547	9143
126	5377
1593	1607
69	66
974	968
2371	2378
447	461
755	753
187	5986
694	707
873	11584
2312	2329
409	415
3905	3917
499	497
150	5624
254	259
734	730
581	9439
394	421
843	11354
3668	3684
39	4708
574	9439
664	667
559	9330
576	577
877	11593
1045	1060
352	7411
537	9000
347	7351
196	5986
710	707
4293	4308
1007	1018
2726	2741
954	12469
957	12489
735	10419
877	3976
24	4570
864	11545
720	715
274	6806
981	12726
2654	2661
830	835
3647	3667
803	10929
701	703
321	6986
1009	1007
906	908
80	4994
44	4767
537	8993
908	11971
3754	3756
1699	1675
253	251
622	625
667	10026
118	5245
1087	1107
954	12467
90	5040
588	9522
335	7177
954	12463
724	729
543	9081
7	4366
674	10089
1934	1937
2966	2986
893	11775
175	5899
765	763
721	729
453	8394
21	4437
842	11334
700	706
2924	2925
393	404
677	10019
995	12902
89	5014
766	10581
321	7006
1621	1635
563	9378
153	5689
785	10790
3364	3380
1955	1964
327	324
148	5593
654	9911
100	5161
2508	2518
704	709
1509	1512
2639	2645
131	5422
357	7465
511	8761
462	476
84	4891
946	957
1699	1701
904	11921
958	12410
725	734
4045	4046
304	313
967	971
381	7776
940	12346
72	79
1801	1813
397	7888
853	11405
343	7294
5	20
6	17
557	9306
518	8826
465	8564
273	6784
375	6647
105	5217
628	9748
502	8696
404	7907
1000	1001
220	6158
660	10017
586	9434
633	621
881	11617
347	7353
210	6103
4248	4252
322	310
720	732
973	978
332	7108
356	7451
727	10336
2250	2254
4065	4079
454	8398
729	10336
681	652
704	701
42	4749
523	8719
530	541
972	12628
1005	1016
751	753
297	6902
2691	2711
981	12734
511	8726
468	464
157	5624
381	7762
136	137
455	8424
1651	1654
795	10926
3414	3423
969	4521
400	6749
992	12862
707	703
357	7466
227	6327
209	6094
1633	1695
839	11286
831	11162
694	703
791	10790
772	10637
202	6025
918	11961
3647	3655
851	857
22	31
636	649
291	281
93	5070
929	12182
492	494
92	5061
414	8044
63	1494
119	5288
660	10020
263	6668
117	5247
592	587
43	46
456	8437
516	8805
651	9934
2172	2185
991	12857
433	8166
975	12666
155	5586
348	7359
952	12427
523	8720
1898	1912
622	9748
90	5041
274	6802
63	56
158	5743
407	7959
938	12308
678	685
657	671
101	5177
985	12782
851	11440
688	10144
471	8584
446	421
64	74
526	530
4045	4055
705	696
8	4390
530	545
389	6660
4192	4200
180	5957
859	11498
1108	658
604	607
619	634
369	7599
1008	1009
190	199
691	10187
71	67
415	8066
529	8890
911	12002
266	6710
845	11387
450	421
634	620
424	8123
690	10172
2618	2622
438	8301
548	9156
651	9931
429	8197
1672	1684
426	8152
304	6947
98	5127
2494	2498
1283	1287
941	12365
159	5600
568	581
393	396
574	9440
2455	2470
495	491
59	55
378	7718
951	961
359	7482
732	10394
2153	2171
883	11624
3732	3739
716	10303
273	6786
1732	1704
203	5992
470	473
446	412
835	11210
742	10475
320	6952
923	12120
910	923
542	9079
909	11979
468	466
340	7257
124	140
424	8125
1380	1381
856	11475
517	510
2057	2077
504	522
625	634
141	127
733	10411
1001	12917
568	582
321	6984
2945	2964
107	5241
4314	4319
62	1506
1913	1926
2455	2304
218	6220
746	4787
50	4783
1066	1083
982	1002
2	5
123	130
130	5415
503	487
491	483
296	300
468	477
807	1617
484	8640
462	473
151	5658
2639	2650
982	987
154	5590
481	476
323	337
829	11140
654	9962
275	6820
378	7726
473	468
404	395
423	8110
606	9671
583	9426
558	9316
260	278
212	6134
144	5541
643	9876
472	477
888	11711
609	9704
918	906
893	11782
642	7622
117	5333
39	4705
53	51
581	567
1401	1413
222	6266
197	5990
959	12502
4314	4322
3029	3034
3235	3240
885	11669
1551	1565
772	10641
586	9461
863	11471
256	6591
1422	1424
565	9401
566	574
1359	1378
942	12382
329	7064
2235	2246
992	12871
494	501
254	6590
3212	3213
2413	2431
66	4855
186	194
835	11218
504	505
855	11466
51	4794
3261	3271
384	7806
685	10136
647	9893
450	461
1010	13002
675	10022
1955	1960
334	7148
362	7536
61	1500
749	751
740	739
890	11742
142	148
2768	2770
146	5561
979	12698
799	10965
963	12546
133	5455
427	8162
1991	2011
423	426
866	11543
483	497
997	12926
569	576
724	719
290	2716
10	4404
320	7024
58	60
3754	3757
666	10025
410	418
271	6763
139	5412
728	10351
1003	1008
273	6783
3050	3065
611	9740
915	12046
396	7724
2639	2646
741	4812
100	5163
930	935
327	7042
169	5816
1241	1243
552	9226
300	6938
349	7387
568	9415
3926	3935
454	8416
897	11830
1	2
3344	3357
3071	3076
57	4809
1205	1213
335	7165
888	899
72	82
863	11473
364	7555
901	11883
521	8728
721	730
847	856
3947	3957
125	5367
2033	818
405	7943
526	541
407	7967
784	10791
591	9553
61	63
448	451
569	577
50	56
296	298
352	7405
217	6189
136	5493
732	10383
550	6794
967	975
4336	4346
750	749
981	12728
721	723
4107	4117
740	743
843	11358
837	11261
888	11707
536	8971
292	293
661	10038
408	406
347	7354
3711	3731
1738	1742
715	717
422	441
851	11414
49	745
783	794
530	525
429	7537
12	4446
804	812
804	822
835	11125
499	503
2882	2888
649	653
467	466
2712	2717
1572	1586
520	8839
2132	2141
366	1484
597	9525
716	717
994	12883
20	4440
497	499
631	617
1934	1954
797	10948
732	10398
791	10876
852	11421
321	6978
922	12118
151	5641
156	5537
476	468
708	10253
733	10417
134	5402
969	5306
840	11115
964	12569
914	1199
655	9980
176	5901
495	490
123	126
1007	1014
577	572
714	10294
12	21
337	7204
332	7107
720	723
598	1870
27	4625
452	8375
855	11467
630	9796
300	6937
426	8124
1898	1900
681	654
1898	1908
95	94
217	6197
598	9541
98	5117
3841	3848
416	8082
331	7087
3261	3270
769	10603
634	9749
98	94
408	7975
611	6624
511	8764
22	34
198	199
755	10513
628	620
75	4905
1380	1389
379	7745
45	63
71	68
4086	4097
783	787
227	6332
616	623
661	10022
714	10279
3478	3480
512	8778
1087	1093
89	5027
770	10621
329	7053
380	7760
26	4616
732	10400
943	12400
46	1495
590	9537
2726	2737
191	200
96	5091
862	11524
44	4761
954	12475
754	758
362	7542
2099	2107
1699	1673
379	7742
3905	3906
936	12284
361	7517
466	8570
1185	1192
1970	1979
902	11898
464	463
578	9424
679	10107
1283	1296
409	411
227	6338
237	6410
3385	3399
572	9429
1359	1364
442	8327
582	567
701	702
3905	3923
2789	2809
806	11004
740	10478
279	6858
602	612
2434	2442
831	11168
675	10014
803	797
887	11698
939	12324
397	7882
873	11585
748	751
946	953
85	98
820	7477
573	9402
163	177
932	12211
2033	817
124	137
619	620
670	10021
224	6295
92	5058
3256	3257
297	6903
126	127
264	6686
576	9450
911	11953
1651	1666
3256	3259
1651	1661
175	5888
759	10518
905	904
758	10543
580	9467
10	4414
1	18
137	5496
794	783
365	7574
584	9422
668	10018
464	473
554	9255
406	7947
558	9314
241	6454
347	7339
3191	3210
752	756
309	308
882	896
298	6909
226	237
3414	3421
594	590
655	9977
797	10930
478	8587
584	9405
926	12159
173	5859
392	7857
487	499
933	12239
502	8704
435	8269
89	5015
3499	3500
753	10511
475	468
1241	1244
897	11847
756	767
2618	2628
202	203
53	58
3668	3682
772	10646
275	6826
460	8515
356	7454
48	4778
1530	1532
495	498
26	4601
3344	3351
642	6619
4227	4246
917	909
884	11648
797	10945
202	6001
1241	1245
846	857
764	767
136	128
3884	3885
787	783
17	4405
717	10306
885	11668
584	572
624	633
893	11781
1220	1226
848	11427
992	12870
532	8923
210	6109
827	5352
717	10322
1004	12970
697	10215
795	10918
667	10030
626	632
150	5628
339	7236
392	7852
608	9711
452	8367
378	7729
256	254
534	8959
1009	12977
1143	1156
157	5723
842	11339
774	10680
38	4686
857	11433
649	643
928	927
2413	2425
507	8740
3754	3764
767	748
396	7868
229	6376
281	286
913	12013
743	4793
4	17
372	7634
729	730
957	12485
75	4911
359	7486
527	539
154	5696
399	371
414	8054
728	10354
2903	2918
216	6179
747	762
2250	2262
191	197
333	7140
579	575
409	416
884	11642
113	5302
695	705
45	4777
514	8792
695	10193
477	8570
404	399
623	626
242	6473
2099	2117
406	7945
691	10180
1780	1799
561	6835
630	9784
2099	2116
25	4589
716	10300
227	6333
766	10589
963	12548
219	6039
792	10892
3170	3178
378	7664
775	10702
1737	1738
762	10561
512	517
139	138
1380	1394
752	10510
3776	3794
579	576
538	9007
334	7160
921	12116
217	6195
761	752
4336	3365
780	10754
3149	3164
427	8180
972	12618
657	659
52	1500
831	11170
946	960
1699	1672
2250	2265
8	4386
500	483
529	8892
1699	1686
357	7471
372	7632
578	9462
2654	2658
189	195
306	304
1045	1064
712	10269
311	307
276	6834
1007	1019
933	12228
648	651
921	12106
87	5012
211	6127
27	4632
448	455
556	9285
936	12289
515	513
629	616
617	619
2882	2887
1898	1904
969	12599
604	612
936	12280
2392	2398
587	597
553	9228
972	12619
825	842
582	583
520	8744
502	8702
830	11144
902	11896
992	12874
184	197
718	729
261	6634
3385	3388
231	6383
211	6115
952	12433
701	705
380	261
585	9404
362	7543
4271	4274
583	9453
885	11661
374	7661
914	920
8	4389
169	5810
787	794
2078	2095
536	8981
22	25
585	9505
475	482
214	6170
328	333
652	9951
1045	1061
419	8086
893	11787
1241	1246
590	9544
804	813
1898	1911
203	6025
212	6141
575	572
730	728
4336	4339
959	12510
796	10942
3235	3238
24	4559
302	306
229	6375
294	1482
157	5601
699	706
380	7755
723	722
4065	4084
150	5636
732	10390
633	615
3776	3787
951	958
274	6803
57	4812
523	8857
2572	2573
576	579
818	11032
1761	1771
51	4781
429	8195
843	11360
367	281
705	702
135	5485
105	5218
925	12134
53	4779
117	5334
462	465
80	4988
1087	1105
987	12802
2012	2030
792	10898
3	11
134	5467
113	110
28	4641
821	809
2945	2965
426	8109
294	1479
514	8784
630	9795
455	8431
3071	3077
2292	2309
1014	13017
80	4991
501	8689
853	11463
701	711
261	6627
340	7247
316	6998
642	9852
427	8166
203	202
532	8926
422	425
289	365
703	10233
563	9373
605	606
157	5635
177	5908
630	9790
802	798
3905	3908
346	7334
412	8020
841	11309
47	52
494	493
377	373
763	750
678	643
841	11308
58	746
946	949
594	9540
101	5167
113	116
195	5989
633	623
769	10594
579	9451
540	9023
424	423
156	5634
457	8459
673	10078
241	6441
2861	2869
740	737
3690	3694
997	12919
392	362
931	12186
916	904
3029	3045
498	501
140	138
530	535
595	9591
546	260
1633	1713
946	948
921	12103
1761	1777
857	11405
978	967
3478	3484
565	9389
963	12544
518	8822
4293	4306
681	653
302	312
4107	4120
445	8350
553	9239
582	577
554	9250
3990	4010
960	12521
602	260
818	817
2603	2609
323	336
3668	3674
980	12721
624	623
311	6965
739	10448
846	858
920	12012
857	11463
64	84
999	12940
622	618
2747	2761
887	11690
343	7068
2392	2412
218	6221
94	5073
195	200
156	5723
273	6780
929	12172
437	422
496	492
24	4573
305	6944
478	8602
921	9242
939	12331
1737	1755
663	10065
511	515
500	489
520	8840
365	7583
196	198
133	5351
706	701
978	12684
496	503
610	9728
2654	2657
65	4842
818	11009
148	5555
1002	12897
339	7241
1837	1850
3841	3849
951	12405
739	10439
4011	4015
925	12138
508	8745
685	10137
20	14
63	1505
486	499
685	10139
636	641
569	579
580	9426
3668	3675
454	8414
643	9873
593	592
259	6580
266	6722
2987	2990
92	5056
647	9895
602	608
3776	3791
247	259
394	7849
44	4770
193	5987
1009	1010
1087	1097
1006	1016
1879	1892
100	5146
3086	3090
856	11486
556	9272
303	308
366	290
705	699
286	282
920	12100
225	6318
536	8988
356	7445
3562	3581
610	9726
843	11361
314	307
3008	3022
252	249
193	190
15	12
376	7692
125	5359
442	8336
340	7249
96	5087
218	6215
770	10614
795	10923
299	6921
534	539
799	10977
623	631
125	5364
1625	1693
455	5955
752	755
383	7647
190	5987
169	5811
958	12499
975	12665
10	4401
3478	3494
1870	2492
288	6886
856	11489
617	622
905	11926
487	495
2559	2570
327	332
533	8942
516	8803
724	722
544	9101
1004	1003
473	8569
857	11494
661	10040
792	10895
1009	12974
445	8345
2618	2620
577	9423
980	12679
964	12574
714	10288
1934	1939
558	9309
450	457
582	9405
44	4766
302	304
1380	1395
199	5990
523	8714
397	7895
576	9451
340	7262
28	4650
911	12003
852	11447
719	729
491	8669
568	577
2057	2071
493	487
191	194
663	10033
796	10928
331	7102
187	196
583	9429
1002	12961
383	7784
392	391
882	893
2353	2163
443	421
578	572
923	911
896	888
607	9694
3478	3488
226	231
38	4701
592	591
702	705
3107	3114
241	6450
796	10944
459	8491
268	6697
104	5216
325	327
812	11036
3732	3743
1530	1545
2353	2364
291	370
604	611
186	188
1530	1536
596	9545
327	341
229	6372
574	575
848	11422
839	11297
1625	1689
321	6945
41	4728
803	10993
493	494
1002	12892
476	470
245	6534
688	9348
507	8729
738	4779
6	19
340	7246
105	5233
737	51
484	8642
655	9979
13	4458
199	189
244	6499
224	6298
43	49
302	310
769	10599
2559	2566
301	297
134	5465
3818	3824
46	2226
11	4419
659	658
237	6400
404	7857
2966	2969
401	7912
426	8157
202	201
934	12257
488	490
557	9307
2538	2557
1024	1031
347	7340
3344	3353
736	10457
605	9667
970	12613
640	9817
3818	3838
124	127
610	9727
255	250
427	8178
891	11762
194	196
633	617
444	453
327	334
245	6536
4045	4058
4065	4080
416	8078
783	796
3604	3608
177	5926
1458	1463
881	11604
561	9363
938	12307
290	6895
61	4774
619	623
970	12607
499	496
508	8751
619	632
115	119
835	11220
1108	1118
643	9864
3029	3031
597	9618
1304	1307
4207	4220
2987	2992
265	6697
517	512
1001	12949
1005	1021
13	4461
546	560
3261	3265
506	518
1816	1836
864	11560
109	5272
609	9708
938	12309
13	4456
3071	3083
1738	1744
1338	1350
263	6656
978	12681
179	5932
1737	1739
2	10
609	9719
437	8290
607	9693
201	188
530	543
49	741
132	5442
648	686
4207	4225
626	633
927	928
240	6438
2353	2369
416	8072
151	5657
3212	3228
449	447
349	7385
395	406
217	6205
636	642
2924	2941
2825	2833
913	11952
694	701
2193	2206
372	7633
968	12588
914	12029
